"from" "to" "weight"
1 7 4
1 23 10
1 24 250
1 33 47
1 41 6
1 51 29
1 54 56
1 68 24
1 72 1
1 97 7
1 108 1
1 109 29
1 118 93
1 136 61
1 140 42
1 157 8
1 165 2
1 170 115
2 24 215
2 33 108
2 41 33
2 51 14
2 54 1
2 97 183
2 108 54
2 109 3
2 136 4
2 140 4
2 157 2
2 170 2
3 7 4
3 23 6
3 24 337
3 33 153
3 41 8
3 51 43
3 54 8
3 68 20
3 72 1
3 97 6
3 108 1
3 109 39
3 118 63
3 136 25
3 140 46
3 152 1
3 157 11
3 165 1
3 170 48
4 23 7
4 24 500
4 33 13
4 41 5
4 51 21
4 54 223
4 68 11
4 72 4
4 97 1
4 108 2
4 109 13
4 118 111
4 136 196
4 140 30
4 152 2
4 157 4
4 165 1
4 170 451
5 7 1
5 23 3
5 24 797
5 33 50
5 41 59
5 51 364
5 54 4
5 68 20
5 72 1
5 97 13
5 108 4
5 109 29
5 118 33
5 136 24
5 140 45
5 152 6
5 157 5
5 165 36
5 170 7
6 7 88
6 23 4
6 24 104
6 33 11
6 41 2
6 51 14
6 54 6
6 68 10
6 97 1
6 109 3
6 118 69
6 136 1
6 140 214
6 152 3
6 157 3
6 170 7
7 7 648
7 23 30
7 24 1011
7 33 54
7 41 11
7 51 98
7 54 22
7 68 92
7 72 5
7 97 2
7 109 39
7 118 779
7 136 48
7 140 757
7 152 12
7 157 15
7 170 69
8 23 1
8 24 305
8 33 477
8 41 4
8 51 16
8 54 2
8 68 1
8 97 92
8 108 504
8 109 1
8 118 10
8 136 2
8 140 16
8 152 9
8 157 4
8 165 5
8 170 16
9 23 13
9 24 1194
9 33 72
9 41 193
9 51 235
9 54 34
9 68 17
9 72 7
9 97 26
9 108 9
9 109 69
9 118 45
9 136 25
9 140 47
9 152 3
9 157 14
9 165 72
9 170 23
10 23 5
10 24 468
10 33 21
10 41 6
10 51 17
10 54 77
10 68 16
10 72 1
10 97 3
10 109 27
10 118 104
10 136 130
10 140 22
10 152 1
10 157 7
10 165 1
10 170 389
11 23 2
11 24 183
11 33 9
11 51 14
11 54 11
11 68 23
11 109 6
11 118 46
11 136 22
11 140 7
11 157 5
11 170 31
12 7 4
12 23 3
12 24 590
12 33 25
12 41 7
12 51 39
12 54 88
12 68 13
12 72 3
12 97 11
12 108 4
12 109 12
12 118 72
12 136 104
12 140 27
12 157 14
12 170 284
13 24 179
13 33 598
13 41 66
13 51 15
13 54 3
13 72 1
13 97 34
13 108 67
13 109 8
13 118 1
13 136 1
13 140 19
13 152 5
13 170 1
14 24 168
14 33 2
14 41 2
14 51 3
14 54 9
14 68 98
14 108 2
14 109 13
14 118 347
14 136 33
14 140 18
14 152 1
14 157 2
14 165 1
14 170 23
15 23 3
15 24 372
15 33 50
15 41 100
15 51 74
15 54 9
15 68 4
15 72 1
15 97 26
15 108 6
15 109 9
15 118 9
15 136 10
15 140 17
15 152 4
15 157 5
15 165 6
15 170 5
16 7 8
16 23 13
16 24 1392
16 33 334
16 41 42
16 51 866
16 54 33
16 68 69
16 72 1
16 97 31
16 108 41
16 109 61
16 118 86
16 136 35
16 140 1158
16 152 43
16 157 6
16 165 5
16 170 11
17 7 3
17 23 1
17 24 367
17 33 145
17 41 23
17 51 402
17 54 14
17 68 29
17 72 1
17 97 7
17 108 9
17 109 25
17 118 22
17 136 20
17 140 427
17 152 28
17 157 2
17 170 5
18 23 1
18 24 201
18 33 63
18 41 125
18 51 19
18 54 2
18 68 3
18 72 2
18 97 45
18 108 6
18 109 2
18 118 3
18 136 6
18 140 3
18 152 4
18 157 1
18 165 1
18 170 1
19 7 2
19 23 3
19 24 286
19 33 996
19 41 33
19 51 92
19 54 5
19 68 6
19 72 1
19 97 47
19 108 75
19 109 22
19 118 19
19 136 3
19 140 76
19 152 32
19 157 7
19 165 2
20 7 2
20 23 10
20 24 1010
20 33 56
20 41 25
20 51 98
20 54 69
20 68 17
20 72 3
20 97 3
20 108 4
20 109 76
20 118 74
20 136 86
20 140 37
20 152 3
20 157 56
20 165 18
20 170 70
21 23 2
21 24 139
21 33 146
21 41 23
21 51 9
21 68 1
21 97 149
21 108 85
21 109 3
21 118 4
21 136 3
21 140 4
21 157 2
22 7 11
22 23 13
22 24 263
22 33 43
22 41 5
22 51 15
22 54 12
22 68 37
22 72 2
22 97 1
22 108 1
22 109 12
22 118 583
22 136 10
22 140 56
22 152 1
22 157 3
22 170 44
23 7 3
23 23 26
23 24 4981
23 33 112
23 41 74
23 51 278
23 54 85
23 68 28
23 72 11
23 97 27
23 108 12
23 109 165
23 118 172
23 136 94
23 140 162
23 152 13
23 157 61
23 165 48
23 170 64
24 7 72
24 23 664
24 24 83324
24 33 2443
24 41 1208
24 51 7796
24 54 1250
24 68 571
24 72 123
24 97 685
24 108 240
24 109 3326
24 118 2519
24 136 1426
24 140 2844
24 152 257
24 157 928
24 165 793
24 170 707
25 7 7
25 23 41
25 24 2151
25 33 251
25 41 102
25 51 270
25 54 36
25 68 365
25 72 4
25 97 43
25 108 24
25 109 67
25 118 93
25 136 30
25 140 797
25 152 300
25 157 38
25 165 13
25 170 21
26 24 283
26 33 3
26 41 2
26 51 12
26 54 157
26 68 5
26 97 2
26 109 11
26 118 70
26 136 290
26 140 12
26 157 2
26 165 2
26 170 155
27 24 103
27 33 243
27 41 6
27 51 5
27 54 3
27 97 16
27 108 130
27 109 9
27 118 1
27 140 6
27 152 1
27 170 2
28 24 119
28 33 2
28 41 1
28 51 6
28 54 55
28 68 2
28 72 1
28 97 4
28 109 3
28 118 23
28 136 216
28 140 1
28 157 1
28 170 21
29 7 7
29 23 4
29 24 233
29 33 29
29 41 13
29 51 44
29 54 7
29 68 58
29 72 3
29 97 5
29 108 3
29 109 11
29 118 11
29 136 9
29 140 483
29 152 32
29 157 2
29 170 4
30 24 264
30 33 16
30 41 2
30 51 9
30 54 413
30 68 8
30 97 5
30 108 1
30 109 3
30 118 52
30 136 434
30 140 18
30 152 1
30 157 1
30 165 1
30 170 40
31 7 2
31 23 2
31 24 176
31 33 2
31 41 1
31 51 8
31 54 8
31 68 74
31 72 1
31 97 4
31 109 5
31 118 207
31 136 36
31 140 8
31 170 72
32 7 2
32 23 30
32 24 960
32 33 48
32 41 24
32 51 99
32 54 18
32 68 116
32 97 7
32 108 6
32 109 57
32 118 39
32 136 25
32 140 134
32 152 14
32 157 21
32 165 11
32 170 13
33 23 8
33 24 2579
33 33 8377
33 41 180
33 51 121
33 54 40
33 68 15
33 72 3
33 97 233
33 108 564
33 109 41
33 118 79
33 136 40
33 140 232
33 152 70
33 157 27
33 165 2
33 170 20
34 23 2
34 24 151
34 33 873
34 41 38
34 51 19
34 54 1
34 68 2
34 72 1
34 97 31
34 108 52
34 109 8
34 118 10
34 136 10
34 140 31
34 152 3
34 170 2
35 23 1
35 24 112
35 33 6
35 51 2
35 54 67
35 68 2
35 97 2
35 109 3
35 118 17
35 136 70
35 140 4
35 157 1
35 165 3
35 170 72
36 7 5
36 23 3
36 24 352
36 33 9
36 41 5
36 51 23
36 54 13
36 68 220
36 108 2
36 109 18
36 118 663
36 136 17
36 140 23
36 152 2
36 157 2
36 170 54
37 23 12
37 24 1018
37 33 58
37 41 39
37 51 78
37 54 117
37 68 11
37 72 1
37 97 9
37 108 4
37 109 35
37 118 43
37 136 47
37 140 50
37 157 30
37 165 9
37 170 24
38 7 6
38 23 16
38 24 3277
38 33 121
38 41 71
38 51 444
38 54 51
38 68 27
38 72 14
38 97 45
38 108 7
38 109 183
38 118 95
38 136 64
38 140 104
38 152 7
38 157 35
38 165 116
38 170 34
39 7 4
39 23 27
39 24 1359
39 33 1043
39 41 26
39 51 103
39 54 79
39 68 87
39 72 2
39 97 30
39 108 1
39 109 83
39 118 408
39 136 90
39 140 138
39 152 4
39 157 26
39 165 4
39 170 125
40 23 1
40 24 222
40 33 194
40 41 119
40 51 29
40 54 12
40 68 8
40 97 411
40 108 61
40 109 11
40 118 9
40 136 9
40 140 17
40 152 5
40 157 2
40 165 1
40 170 3
41 7 1
41 23 1
41 24 2211
41 33 518
41 41 1571
41 51 194
41 54 24
41 68 31
41 72 6
41 97 375
41 108 28
41 109 46
41 118 77
41 136 43
41 140 107
41 152 20
41 157 11
41 165 3
41 170 18
42 24 260
42 33 135
42 41 48
42 51 11
42 54 8
42 68 1
42 97 293
42 108 64
42 109 3
42 118 1
42 136 3
42 140 7
42 152 1
42 157 2
42 170 1
43 23 2
43 24 207
43 33 41
43 51 24
43 54 39
43 68 23
43 97 4
43 108 1
43 109 48
43 118 91
43 136 34
43 140 33
43 152 1
43 165 3
43 170 105
44 7 5
44 23 5
44 24 642
44 33 82
44 41 5
44 51 54
44 54 10
44 68 7
44 72 1
44 97 16
44 108 1
44 109 41
44 118 45
44 136 35
44 140 26
44 157 5
44 165 15
44 170 27
45 7 6
45 23 48
45 24 4379
45 33 285
45 41 57
45 51 340
45 54 70
45 68 37
45 72 7
45 97 30
45 108 6
45 109 229
45 118 215
45 136 80
45 140 157
45 152 10
45 157 50
45 165 51
45 170 76
46 23 7
46 24 1419
46 33 73
46 41 61
46 51 75
46 54 210
46 68 23
46 72 3
46 97 19
46 108 10
46 109 65
46 118 83
46 136 95
46 140 89
46 152 6
46 157 65
46 165 21
46 170 52
47 23 4
47 24 335
47 33 719
47 41 15
47 51 25
47 54 3
47 68 9
47 97 51
47 108 332
47 109 8
47 118 7
47 136 6
47 140 16
47 152 4
47 157 5
47 165 1
47 170 1
48 7 2
48 24 539
48 33 16
48 41 3
48 51 26
48 54 27
48 68 76
48 97 11
48 108 4
48 109 35
48 118 182
48 136 48
48 140 32
48 157 7
48 165 5
48 170 96
49 24 376
49 33 97
49 41 297
49 51 63
49 54 6
49 68 1
49 97 109
49 108 4
49 109 13
49 118 8
49 136 7
49 140 17
49 152 4
49 157 6
49 165 7
49 170 2
50 23 4
50 24 639
50 33 37
50 41 4
50 51 55
50 54 34
50 68 21
50 72 2
50 97 6
50 108 1
50 109 74
50 118 75
50 136 51
50 140 32
50 152 2
50 157 9
50 165 4
50 170 120
51 7 1
51 23 33
51 24 4060
51 33 131
51 41 139
51 51 1423
51 54 57
51 68 30
51 72 6
51 97 65
51 108 26
51 109 161
51 118 136
51 136 77
51 140 178
51 152 17
51 157 28
51 165 64
51 170 39
52 7 1
52 23 15
52 24 1480
52 33 49
52 41 27
52 51 176
52 54 24
52 68 28
52 72 2
52 97 22
52 108 7
52 109 81
52 118 39
52 136 20
52 140 79
52 152 10
52 157 7
52 165 12
52 170 7
53 7 1
53 23 2
53 24 2573
53 33 176
53 41 387
53 51 284
53 54 21
53 68 24
53 72 5
53 97 141
53 108 13
53 109 26
53 118 50
53 136 30
53 140 61
53 152 30
53 157 25
53 165 13
53 170 14
54 7 2
54 23 4
54 24 3070
54 33 80
54 41 43
54 51 133
54 54 2969
54 68 48
54 72 8
54 97 28
54 108 5
54 109 85
54 118 254
54 136 1615
54 140 151
54 152 5
54 157 36
54 165 8
54 170 289
55 23 2
55 24 603
55 33 154
55 41 15
55 51 476
55 54 8
55 68 27
55 97 7
55 108 16
55 109 25
55 118 22
55 136 15
55 140 509
55 152 19
55 157 3
55 170 3
56 7 1
56 23 1
56 24 496
56 33 1521
56 41 56
56 51 13
56 54 5
56 68 5
56 72 1
56 97 143
56 108 237
56 109 7
56 118 24
56 136 15
56 140 35
56 152 18
56 170 3
57 23 2
57 24 323
57 33 1490
57 41 21
57 51 27
57 54 3
57 68 5
57 72 1
57 97 45
57 108 198
57 109 11
57 118 16
57 136 7
57 140 37
57 152 19
57 165 2
57 170 4
58 7 2
58 24 393
58 33 925
58 41 38
58 51 28
58 54 2
58 68 2
58 97 67
58 108 87
58 109 7
58 118 8
58 136 9
58 140 42
58 152 26
58 157 2
58 165 1
58 170 3
59 7 4
59 23 1
59 24 1411
59 33 113
59 41 195
59 51 363
59 54 18
59 68 26
59 72 5
59 97 61
59 108 9
59 109 36
59 118 40
59 136 15
59 140 46
59 152 17
59 157 15
59 165 13
59 170 10
60 7 1
60 23 2
60 24 492
60 33 154
60 41 271
60 51 101
60 54 3
60 68 13
60 97 71
60 108 11
60 109 23
60 118 14
60 136 6
60 140 26
60 152 13
60 157 2
60 170 6
61 24 280
61 33 6
61 51 8
61 54 34
61 68 9
61 72 2
61 97 4
61 109 19
61 118 145
61 136 43
61 140 10
61 157 8
61 170 126
62 7 7
62 23 1
62 24 666
62 33 100
62 41 10
62 51 139
62 54 11
62 68 52
62 72 4
62 97 23
62 108 4
62 109 43
62 118 117
62 136 35
62 140 1435
62 152 32
62 157 3
62 165 3
62 170 14
63 7 5
63 24 261
63 33 618
63 41 19
63 51 18
63 54 10
63 68 5
63 72 1
63 97 135
63 108 534
63 109 3
63 118 10
63 136 11
63 140 18
63 157 1
63 170 1
64 7 50
64 23 14
64 24 144
64 33 15
64 41 2
64 51 27
64 54 3
64 68 39
64 72 2
64 97 5
64 108 1
64 109 9
64 118 51
64 140 267
64 152 1
64 157 3
65 7 2
65 23 8
65 24 1683
65 33 217
65 41 351
65 51 603
65 54 17
65 68 110
65 97 149
65 108 29
65 109 46
65 118 48
65 136 40
65 140 211
65 152 253
65 157 9
65 165 6
65 170 19
66 7 1
66 24 223
66 33 9
66 41 1
66 51 10
66 54 6
66 68 229
66 72 2
66 97 1
66 109 5
66 118 212
66 136 27
66 140 14
66 157 3
66 165 2
66 170 33
67 7 132
67 23 207
67 24 817
67 33 137
67 41 11
67 51 109
67 54 16
67 68 152
67 97 5
67 108 1
67 109 63
67 118 322
67 136 17
67 140 525
67 152 8
67 157 10
67 165 4
67 170 29
68 7 12
68 23 6
68 24 1449
68 33 57
68 41 6
68 51 69
68 54 57
68 68 1247
68 72 3
68 97 5
68 108 1
68 109 65
68 118 1349
68 136 108
68 140 91
68 152 4
68 157 19
68 170 203
69 24 257
69 33 6
69 51 6
69 54 199
69 68 2
69 97 2
69 108 3
69 109 8
69 118 31
69 136 291
69 140 11
69 157 2
69 170 26
70 7 5
70 23 4
70 24 460
70 33 572
70 41 120
70 51 64
70 54 8
70 68 16
70 72 1
70 97 23
70 108 66
70 109 18
70 118 14
70 136 6
70 140 99
70 152 99
70 157 5
70 165 4
70 170 5
71 23 12
71 24 617
71 33 354
71 41 311
71 51 52
71 54 15
71 68 8
71 72 1
71 97 893
71 108 118
71 109 14
71 118 16
71 136 20
71 140 29
71 152 5
71 157 6
71 165 6
71 170 5
72 7 28
72 23 187
72 24 3448
72 33 272
72 41 96
72 51 359
72 54 58
72 68 1235
72 72 8
72 97 44
72 108 16
72 109 173
72 118 271
72 136 90
72 140 1861
72 152 326
72 157 58
72 165 5
72 170 67
73 23 5
73 24 915
73 33 8
73 41 2
73 51 25
73 54 91
73 68 33
73 72 4
73 97 2
73 109 20
73 118 358
73 136 146
73 140 32
73 152 2
73 157 11
73 165 2
73 170 280
74 24 245
74 33 13
74 41 5
74 51 7
74 54 197
74 68 2
74 72 2
74 97 2
74 108 1
74 109 29
74 118 40
74 136 172
74 140 13
74 157 22
74 165 1
74 170 43
75 7 55
75 23 136
75 24 815
75 33 76
75 41 10
75 51 105
75 54 18
75 68 202
75 97 6
75 108 3
75 109 49
75 118 127
75 136 24
75 140 649
75 152 12
75 157 10
75 165 4
75 170 48
76 7 11
76 23 41
76 24 555
76 33 61
76 41 16
76 51 60
76 54 21
76 68 211
76 72 1
76 97 13
76 108 4
76 109 17
76 118 45
76 136 16
76 140 727
76 152 108
76 157 12
76 170 19
77 7 86
77 23 63
77 24 660
77 33 50
77 41 16
77 51 62
77 54 11
77 68 110
77 72 2
77 97 6
77 108 1
77 109 28
77 118 79
77 136 16
77 140 855
77 152 25
77 157 5
77 170 16
78 7 11
78 23 4
78 24 171
78 33 12
78 41 1
78 51 14
78 54 3
78 68 50
78 72 1
78 97 3
78 108 2
78 109 10
78 118 34
78 136 7
78 140 373
78 152 16
78 157 5
78 165 1
78 170 6
79 7 5
79 23 6
79 24 122
79 33 11
79 51 36
79 54 1
79 68 34
79 97 1
79 109 3
79 118 14
79 136 3
79 140 436
79 152 19
79 170 2
80 23 2
80 24 724
80 33 1057
80 41 53
80 51 47
80 54 6
80 68 7
80 72 3
80 97 153
80 108 716
80 109 10
80 118 18
80 136 3
80 140 44
80 152 10
80 157 5
80 165 2
80 170 4
81 7 1
81 23 5
81 24 627
81 33 22
81 41 9
81 51 36
81 54 392
81 68 7
81 97 14
81 108 3
81 109 39
81 118 38
81 136 298
81 140 43
81 157 48
81 165 2
81 170 68
82 7 8
82 23 4
82 24 255
82 33 21
82 41 1
82 51 12
82 54 13
82 68 72
82 97 4
82 108 3
82 109 25
82 118 802
82 136 16
82 140 47
82 152 1
82 165 4
82 170 25
83 24 300
83 33 10
83 41 1
83 51 14
83 54 107
83 68 3
83 72 1
83 109 18
83 118 116
83 136 240
83 140 16
83 157 1
83 165 1
83 170 82
84 24 204
84 33 9
84 41 1
84 51 7
84 54 77
84 68 5
84 72 1
84 109 7
84 118 67
84 136 292
84 140 18
84 170 61
85 7 9
85 23 9
85 24 355
85 33 92
85 41 35
85 51 126
85 54 6
85 68 52
85 97 7
85 108 10
85 109 12
85 118 24
85 136 8
85 140 290
85 152 131
85 157 5
85 170 4
86 7 9
86 23 18
86 24 414
86 33 78
86 41 16
86 51 65
86 54 9
86 68 116
86 72 1
86 97 6
86 108 6
86 109 19
86 118 56
86 136 23
86 140 114
86 152 18
86 157 2
86 165 2
86 170 16
87 7 3
87 23 2
87 24 88
87 33 6
87 41 1
87 51 8
87 54 4
87 68 88
87 97 1
87 109 15
87 118 76
87 136 10
87 140 5
87 170 19
88 24 312
88 33 1
88 51 16
88 54 49
88 68 21
88 72 1
88 97 5
88 108 1
88 109 10
88 118 151
88 136 108
88 140 12
88 157 4
88 170 98
89 7 1
89 23 3
89 24 265
89 33 2
89 41 1
89 51 4
89 54 18
89 68 31
89 97 3
89 109 5
89 118 144
89 136 54
89 140 4
89 157 4
89 170 95
90 7 8
90 23 11
90 24 363
90 33 48
90 41 8
90 51 98
90 54 7
90 68 39
90 97 8
90 108 6
90 109 20
90 118 60
90 136 17
90 140 988
90 152 40
90 157 2
90 165 1
90 170 12
91 7 5
91 24 348
91 33 4
91 41 5
91 51 18
91 54 22
91 68 140
91 97 4
91 109 17
91 118 222
91 136 57
91 140 26
91 157 6
91 165 4
91 170 148
92 23 4
92 24 564
92 33 1219
92 41 32
92 51 46
92 54 13
92 68 8
92 72 1
92 97 79
92 108 551
92 109 7
92 118 15
92 136 19
92 140 43
92 152 24
92 157 7
92 165 3
92 170 6
93 24 88
93 33 102
93 41 55
93 51 6
93 54 2
93 68 1
93 97 102
93 108 16
93 109 5
93 118 4
93 136 5
93 140 5
93 152 1
93 165 1
94 7 2
94 23 8
94 24 292
94 33 101
94 41 14
94 51 270
94 54 9
94 68 30
94 72 1
94 97 22
94 108 6
94 109 41
94 118 36
94 136 10
94 140 645
94 152 14
94 157 1
94 170 8
95 23 6
95 24 755
95 33 220
95 41 420
95 51 63
95 54 12
95 68 5
95 97 475
95 108 16
95 109 22
95 118 22
95 136 10
95 140 31
95 152 8
95 157 11
95 165 3
95 170 2
96 7 1
96 23 5
96 24 317
96 33 144
96 41 35
96 51 189
96 54 11
96 68 21
96 72 3
96 97 8
96 108 22
96 109 15
96 118 5
96 136 11
96 140 185
96 152 100
96 157 3
96 165 3
96 170 6
97 7 2
97 23 4
97 24 3201
97 33 1268
97 41 896
97 51 196
97 54 57
97 68 50
97 72 5
97 97 6003
97 108 374
97 109 93
97 118 93
97 136 87
97 140 151
97 152 33
97 157 30
97 165 5
97 170 19
98 7 56
98 23 6
98 24 336
98 33 21
98 41 1
98 51 37
98 54 16
98 68 93
98 72 1
98 97 3
98 109 12
98 118 976
98 136 33
98 140 85
98 170 62
99 7 9
99 23 24
99 24 3084
99 33 150
99 41 78
99 51 439
99 54 35
99 68 90
99 72 5
99 97 33
99 108 17
99 109 157
99 118 89
99 136 53
99 140 177
99 152 71
99 157 29
99 165 54
99 170 29
100 7 26
100 23 23
100 24 153
100 33 8
100 41 2
100 51 54
100 54 3
100 68 36
100 109 7
100 118 62
100 136 12
100 140 619
100 170 8
101 7 2
101 23 6
101 24 618
101 33 80
101 41 10
101 51 33
101 54 211
101 68 28
101 72 1
101 97 7
101 108 2
101 109 80
101 118 100
101 136 147
101 140 38
101 152 2
101 157 20
101 165 12
101 170 258
102 23 1
102 24 845
102 33 24
102 41 10
102 51 24
102 54 814
102 68 6
102 72 2
102 97 6
102 108 2
102 109 28
102 118 73
102 136 799
102 140 39
102 157 9
102 165 7
102 170 107
103 23 1
103 24 223
103 33 9
103 41 1
103 51 18
103 54 9
103 68 131
103 72 1
103 97 3
103 108 3
103 109 19
103 118 273
103 136 25
103 140 10
103 157 2
103 165 2
103 170 43
104 7 5
104 24 349
104 33 774
104 41 21
104 51 16
104 54 1
104 68 2
104 97 88
104 108 482
104 109 10
104 118 9
104 136 4
104 140 28
104 152 8
104 157 3
104 165 3
104 170 1
105 7 5
105 23 3
105 24 1543
105 33 30
105 41 6
105 51 57
105 54 103
105 68 99
105 72 4
105 97 15
105 108 3
105 109 34
105 118 679
105 136 275
105 140 48
105 152 2
105 157 12
105 165 3
105 170 348
106 7 5
106 23 9
106 24 1435
106 33 96
106 41 105
106 51 373
106 54 29
106 68 77
106 72 3
106 97 22
106 108 5
106 109 68
106 118 58
106 136 24
106 140 147
106 152 94
106 157 19
106 165 22
106 170 12
107 7 1
107 23 5
107 24 332
107 33 801
107 41 24
107 51 23
107 54 5
107 68 10
107 97 70
107 108 379
107 109 6
107 118 8
107 136 1
107 140 15
107 152 8
107 170 1
108 7 5
108 23 16
108 24 2675
108 33 2639
108 41 109
108 51 124
108 54 34
108 68 23
108 72 6
108 97 319
108 108 2334
108 109 50
108 118 60
108 136 41
108 140 185
108 152 23
108 157 20
108 165 8
108 170 11
109 7 10
109 23 7
109 24 513
109 33 137
109 41 7
109 51 366
109 54 16
109 68 61
109 97 22
109 108 8
109 109 137
109 118 68
109 136 9
109 140 1039
109 152 32
109 157 4
109 165 6
109 170 6
110 23 1
110 24 620
110 33 29
110 41 7
110 51 36
110 54 168
110 68 9
110 97 8
110 109 58
110 118 54
110 136 107
110 140 24
110 152 1
110 157 90
110 165 2
110 170 56
111 7 5
111 23 4
111 24 764
111 33 272
111 41 488
111 51 60
111 54 16
111 68 9
111 72 1
111 97 519
111 108 76
111 109 32
111 118 10
111 136 22
111 140 19
111 152 3
111 157 5
111 165 3
111 170 10
112 24 74
112 33 1
112 41 1
112 51 5
112 54 25
112 68 2
112 109 4
112 118 26
112 136 71
112 140 5
112 170 18
113 24 98
113 33 1
113 51 2
113 54 14
113 68 4
113 72 1
113 118 55
113 136 30
113 140 3
113 170 48
114 7 30
114 23 8
114 24 722
114 33 309
114 41 8
114 51 70
114 54 31
114 68 73
114 72 2
114 97 9
114 108 1
114 109 41
114 118 668
114 136 29
114 140 109
114 152 1
114 157 6
114 165 2
114 170 114
115 24 227
115 33 9
115 41 1
115 51 12
115 54 210
115 68 8
115 97 3
115 109 4
115 118 14
115 136 150
115 140 8
115 157 1
115 170 50
116 23 3
116 24 759
116 33 13
116 41 13
116 51 34
116 54 493
116 68 6
116 72 3
116 97 5
116 108 3
116 109 21
116 118 85
116 136 405
116 140 28
116 157 16
116 165 1
116 170 326
117 7 3
117 23 3
117 24 746
117 33 47
117 41 99
117 51 150
117 54 7
117 68 3
117 72 1
117 97 21
117 108 3
117 109 20
117 118 18
117 136 6
117 140 30
117 152 8
117 157 8
117 165 16
117 170 14
118 7 59
118 23 29
118 24 2064
118 33 100
118 41 16
118 51 109
118 54 89
118 68 281
118 72 12
118 97 18
118 108 8
118 109 107
118 118 6626
118 136 113
118 140 209
118 152 17
118 157 26
118 165 5
118 170 131
119 7 5
119 23 2
119 24 89
119 33 9
119 51 5
119 54 1
119 68 24
119 97 2
119 109 6
119 118 262
119 136 13
119 140 16
119 165 1
119 170 11
120 23 2
120 24 342
120 33 57
120 41 204
120 51 43
120 54 4
120 68 2
120 72 2
120 97 51
120 108 1
120 109 7
120 118 12
120 136 4
120 140 5
120 152 1
120 165 7
120 170 6
121 7 1
121 23 14
121 24 3578
121 33 112
121 41 39
121 51 231
121 54 56
121 68 22
121 72 12
121 97 24
121 108 13
121 109 97
121 118 136
121 136 84
121 140 107
121 152 4
121 157 35
121 165 48
121 170 40
122 24 85
122 33 254
122 41 10
122 51 11
122 54 3
122 68 1
122 72 2
122 97 95
122 108 37
122 109 2
122 118 5
122 136 3
122 140 6
122 170 2
123 7 2
123 23 2
123 24 370
123 33 1005
123 41 40
123 51 57
123 54 8
123 68 5
123 97 64
123 108 147
123 109 4
123 118 5
123 136 8
123 140 47
123 152 56
123 157 4
123 170 8
124 7 32
124 23 63
124 24 4392
124 33 242
124 41 101
124 51 403
124 54 63
124 68 58
124 72 4
124 97 39
124 108 20
124 109 248
124 118 190
124 136 117
124 140 240
124 152 31
124 157 46
124 165 36
124 170 47
125 23 4
125 24 580
125 33 21
125 41 41
125 51 96
125 54 28
125 68 10
125 72 1
125 97 12
125 108 7
125 109 28
125 118 18
125 136 24
125 140 14
125 152 3
125 157 6
125 165 45
125 170 12
126 7 2
126 23 7
126 24 1530
126 33 132
126 41 348
126 51 184
126 54 41
126 68 11
126 72 4
126 97 89
126 108 12
126 109 48
126 118 74
126 136 30
126 140 65
126 152 18
126 157 9
126 165 16
126 170 11
127 7 4
127 23 1
127 24 322
127 33 105
127 41 5
127 51 25
127 54 42
127 68 37
127 108 1
127 109 60
127 118 181
127 136 34
127 140 35
127 152 2
127 157 2
127 170 83
128 7 1
128 24 157
128 33 102
128 41 6
128 51 196
128 54 5
128 68 13
128 97 3
128 108 14
128 109 17
128 118 7
128 136 2
128 140 189
128 152 10
128 157 1
128 170 2
129 24 486
129 33 260
129 41 60
129 51 35
129 54 10
129 68 1
129 72 3
129 97 412
129 108 140
129 109 18
129 118 6
129 136 13
129 140 10
129 152 1
129 157 4
129 170 5
130 23 3
130 24 381
130 33 10
130 41 3
130 51 24
130 54 282
130 68 4
130 72 1
130 97 1
130 109 11
130 118 113
130 136 506
130 140 19
130 170 159
131 7 3
131 24 63
131 33 5
131 51 7
131 68 65
131 109 4
131 118 197
131 136 14
131 140 14
131 157 3
131 165 1
131 170 11
132 23 2
132 24 312
132 33 216
132 41 44
132 51 31
132 54 7
132 68 1
132 72 1
132 97 409
132 108 102
132 109 10
132 118 4
132 136 10
132 140 14
132 152 1
132 157 3
132 170 2
133 7 1
133 24 56
133 33 1
133 51 9
133 68 18
133 97 1
133 109 2
133 118 232
133 136 13
133 140 5
133 157 1
133 170 8
134 7 4
134 23 1
134 24 200
134 33 11
134 41 4
134 51 6
134 54 15
134 68 48
134 97 3
134 109 15
134 118 725
134 136 16
134 140 58
134 152 1
134 157 2
134 165 22
134 170 19
135 7 6
135 23 11
135 24 796
135 33 26
135 41 4
135 51 59
135 54 32
135 68 67
135 72 1
135 97 12
135 109 67
135 118 224
135 136 42
135 140 36
135 152 4
135 157 10
135 165 5
135 170 208
136 7 1
136 23 3
136 24 1485
136 33 57
136 41 9
136 51 59
136 54 395
136 68 16
136 72 5
136 97 6
136 108 4
136 109 16
136 118 235
136 136 1702
136 140 92
136 152 1
136 157 8
136 165 1
136 170 123
137 24 172
137 33 6
137 41 3
137 51 3
137 54 75
137 68 10
137 72 1
137 97 1
137 109 3
137 118 69
137 136 111
137 140 9
137 152 3
137 157 1
137 165 1
137 170 157
138 7 1
138 23 6
138 24 598
138 33 131
138 41 31
138 51 468
138 54 15
138 68 47
138 72 1
138 97 25
138 108 17
138 109 41
138 118 39
138 136 10
138 140 545
138 152 90
138 157 12
138 170 14
139 23 3
139 24 404
139 33 38
139 41 95
139 51 83
139 54 9
139 68 7
139 97 10
139 109 12
139 118 17
139 136 19
139 140 16
139 157 4
139 165 25
139 170 5
140 7 38
140 23 32
140 24 2104
140 33 196
140 41 48
140 51 277
140 54 84
140 68 143
140 72 2
140 97 23
140 108 23
140 109 71
140 118 411
140 136 82
140 140 8300
140 152 91
140 157 13
140 170 34
141 7 1
141 23 6
141 24 269
141 33 347
141 41 20
141 51 200
141 54 10
141 68 18
141 72 1
141 97 31
141 108 30
141 109 31
141 118 6
141 136 8
141 140 203
141 152 43
141 157 6
141 170 2
142 7 21
142 23 27
142 24 3998
142 33 458
142 41 53
142 51 280
142 54 454
142 68 113
142 72 2
142 97 32
142 108 9
142 109 549
142 118 691
142 136 475
142 140 251
142 152 5
142 157 77
142 165 38
142 170 1139
143 7 111
143 23 55
143 24 1375
143 33 166
143 41 5
143 51 61
143 54 55
143 68 144
143 72 3
143 97 5
143 108 3
143 109 30
143 118 1604
143 136 55
143 140 292
143 152 5
143 157 17
143 170 136
144 7 11
144 23 13
144 24 4181
144 33 123
144 41 88
144 51 389
144 54 52
144 68 29
144 72 9
144 97 20
144 108 23
144 109 135
144 118 160
144 136 97
144 140 171
144 152 6
144 157 32
144 165 61
144 170 36
145 7 4
145 23 4
145 24 425
145 33 46
145 41 26
145 51 109
145 54 16
145 68 86
145 97 16
145 108 3
145 109 31
145 118 47
145 136 8
145 140 785
145 152 54
145 157 4
145 165 1
145 170 5
146 24 161
146 33 2
146 41 4
146 51 5
146 54 70
146 68 1
146 72 2
146 97 1
146 109 7
146 118 61
146 136 151
146 140 4
146 157 1
146 170 29
147 7 7
147 24 61
147 33 8
147 51 7
147 54 5
147 68 46
147 72 1
147 97 2
147 109 3
147 118 290
147 136 10
147 140 11
147 170 23
148 23 1
148 24 403
148 33 324
148 41 117
148 51 33
148 54 7
148 68 6
148 72 2
148 97 666
148 108 236
148 109 13
148 118 16
148 136 8
148 140 9
148 152 2
148 157 3
148 170 6
149 24 137
149 33 12
149 51 8
149 54 5
149 68 96
149 109 16
149 118 397
149 136 16
149 140 14
149 170 18
150 23 4
150 24 125
150 33 93
150 41 53
150 51 10
150 54 8
150 97 274
150 108 28
150 109 1
150 118 1
150 136 3
150 140 10
150 152 2
150 157 2
150 170 2
151 23 2
151 24 344
151 33 17
151 41 12
151 51 35
151 54 7
151 68 3
151 97 4
151 108 3
151 109 11
151 118 22
151 136 11
151 140 25
151 157 3
151 165 35
151 170 4
152 7 13
152 23 24
152 24 2450
152 33 570
152 41 233
152 51 512
152 54 45
152 68 223
152 72 3
152 97 124
152 108 95
152 109 90
152 118 88
152 136 53
152 140 836
152 152 1051
152 157 21
152 165 5
152 170 36
153 7 2
153 23 11
153 24 1844
153 33 41
153 41 9
153 51 50
153 54 533
153 68 30
153 72 2
153 97 4
153 108 5
153 109 30
153 118 564
153 136 1902
153 140 91
153 152 1
153 157 7
153 165 7
153 170 288
154 24 189
154 33 17
154 51 11
154 54 5
154 68 53
154 72 2
154 109 12
154 118 94
154 136 14
154 140 12
154 157 6
154 165 3
154 170 36
155 7 9
155 23 12
155 24 312
155 33 69
155 41 25
155 51 37
155 54 12
155 68 81
155 97 5
155 108 2
155 109 28
155 118 393
155 136 28
155 140 56
155 152 1
155 157 2
155 165 1
155 170 99
156 7 1
156 23 3
156 24 560
156 33 21
156 41 5
156 51 14
156 54 116
156 68 24
156 72 3
156 97 3
156 108 2
156 109 23
156 118 153
156 136 205
156 140 21
156 157 5
156 165 1
156 170 372
157 7 9
157 23 12
157 24 1951
157 33 122
157 41 55
157 51 125
157 54 597
157 68 19
157 72 7
157 97 28
157 108 4
157 109 83
157 118 158
157 136 385
157 140 123
157 152 4
157 157 523
157 165 10
157 170 127
158 7 2
158 23 1
158 24 1197
158 33 45
158 41 20
158 51 94
158 54 371
158 68 14
158 72 4
158 97 8
158 108 1
158 109 44
158 118 86
158 136 248
158 140 66
158 157 196
158 165 6
158 170 62
159 24 170
159 41 1
159 51 5
159 54 220
159 68 1
159 109 6
159 118 12
159 136 138
159 140 4
159 170 28
160 7 4
160 23 2
160 24 344
160 33 312
160 41 166
160 51 57
160 54 5
160 68 10
160 72 1
160 97 26
160 108 18
160 109 19
160 118 9
160 136 9
160 140 48
160 152 68
160 157 3
160 165 3
160 170 3
161 7 3
161 23 5
161 24 430
161 33 365
161 41 134
161 51 37
161 54 6
161 68 5
161 72 2
161 97 502
161 108 115
161 109 28
161 118 11
161 136 14
161 140 11
161 152 3
161 157 6
161 165 1
161 170 1
162 7 2
162 23 3
162 24 281
162 33 480
162 41 32
162 51 19
162 54 4
162 68 4
162 72 1
162 97 134
162 108 346
162 109 12
162 118 16
162 136 8
162 140 16
162 152 3
162 170 5
163 24 166
163 33 140
163 41 35
163 51 7
163 54 1
163 68 2
163 97 111
163 108 102
163 109 3
163 118 2
163 136 3
163 140 2
163 152 4
163 157 1
163 165 3
164 7 3
164 23 3
164 24 386
164 33 175
164 41 71
164 51 86
164 54 11
164 68 45
164 72 4
164 97 13
164 108 21
164 109 13
164 118 17
164 136 15
164 140 171
164 152 235
164 157 5
164 165 6
164 170 7
165 7 4
165 23 8
165 24 2307
165 33 75
165 41 91
165 51 449
165 54 51
165 68 15
165 97 28
165 108 10
165 109 112
165 118 91
165 136 51
165 140 159
165 152 5
165 157 28
165 165 237
165 170 30
166 7 3
166 23 1
166 24 392
166 33 40
166 41 5
166 51 32
166 54 90
166 68 19
166 72 2
166 97 2
166 109 51
166 118 79
166 136 150
166 140 25
166 157 4
166 165 5
166 170 486
167 7 3
167 24 274
167 33 533
167 41 6
167 51 9
167 54 7
167 68 2
167 97 56
167 108 338
167 109 4
167 118 10
167 136 8
167 140 23
167 152 4
167 170 5
168 7 1
168 24 132
168 33 5
168 51 4
168 54 55
168 68 7
168 72 1
168 109 9
168 118 53
168 136 124
168 140 3
168 157 2
168 165 1
168 170 60
169 7 1
169 24 1067
169 33 57
169 41 51
169 51 321
169 54 11
169 68 11
169 72 2
169 97 29
169 108 6
169 109 58
169 118 42
169 136 22
169 140 61
169 152 4
169 157 12
169 165 63
169 170 14
170 7 5
170 23 10
170 24 1576
170 33 73
170 41 9
170 51 68
170 54 286
170 68 38
170 72 8
170 97 5
170 108 7
170 109 46
170 118 307
170 136 398
170 140 78
170 152 2
170 157 27
170 165 5
170 170 1653
171 23 1
171 24 216
171 33 336
171 41 8
171 51 18
171 54 11
171 97 50
171 108 221
171 109 7
171 118 1
171 136 5
171 140 7
171 152 2
171 157 3
171 170 1
172 23 1
172 24 2188
172 33 28
172 41 2
172 51 64
172 54 358
172 68 46
172 72 3
172 97 9
172 109 60
172 118 861
172 136 759
172 140 59
172 157 18
172 165 1
172 170 425
173 24 171
173 33 8
173 51 6
173 54 10
173 68 18
173 108 1
173 109 8
173 118 89
173 136 39
173 140 7
173 152 1
173 157 3
173 170 80
174 23 1
174 24 212
174 33 3
174 51 17
174 54 62
174 68 16
174 109 5
174 118 109
174 136 85
174 140 4
174 165 1
174 170 95
175 23 2
175 24 196
175 33 10
175 41 1
175 51 13
175 54 96
175 68 4
175 72 2
175 97 3
175 108 4
175 109 6
175 118 44
175 136 107
175 140 11
175 157 1
175 165 3
175 170 244
