"from" "to" "weight"
1 7 4
1 23 1
1 24 243
1 33 34
1 41 2
1 51 30
1 54 27
1 68 41
1 72 2
1 97 1
1 109 8
1 118 64
1 136 29
1 140 28
1 157 1
1 165 3
1 170 62
2 7 2
2 24 159
2 33 63
2 41 43
2 51 13
2 54 1
2 68 5
2 97 67
2 108 29
2 109 2
2 118 2
2 136 1
2 140 2
2 157 1
2 170 1
3 7 2
3 23 2
3 24 320
3 33 80
3 41 10
3 51 17
3 54 15
3 68 23
3 97 1
3 109 8
3 118 65
3 136 14
3 140 23
3 157 1
3 165 9
3 170 37
4 24 376
4 33 13
4 41 1
4 51 15
4 54 156
4 68 13
4 72 1
4 97 4
4 109 3
4 118 73
4 136 104
4 140 19
4 152 2
4 170 201
5 7 1
5 23 2
5 24 841
5 33 59
5 41 65
5 51 226
5 54 3
5 68 7
5 97 12
5 108 6
5 109 9
5 118 30
5 136 6
5 140 40
5 152 3
5 157 2
5 165 23
5 170 7
6 7 21
6 23 1
6 24 100
6 33 7
6 51 13
6 68 10
6 109 2
6 118 48
6 140 192
6 170 3
7 7 246
7 23 6
7 24 1001
7 33 26
7 41 9
7 51 103
7 54 26
7 68 96
7 72 5
7 97 3
7 109 6
7 118 361
7 136 18
7 140 526
7 152 5
7 157 1
7 165 2
7 170 29
8 7 4
8 23 1
8 24 321
8 33 402
8 41 13
8 51 21
8 54 5
8 68 3
8 97 24
8 108 235
8 118 5
8 136 9
8 140 11
9 7 2
9 24 899
9 33 35
9 41 71
9 51 127
9 54 51
9 68 7
9 72 2
9 97 17
9 108 5
9 109 14
9 118 29
9 136 7
9 140 28
9 152 4
9 157 4
9 165 75
9 170 14
10 24 460
10 33 14
10 41 3
10 51 3
10 54 52
10 68 12
10 72 3
10 97 3
10 108 2
10 109 6
10 118 74
10 136 43
10 140 23
10 157 4
10 165 2
10 170 219
11 24 184
11 33 6
11 41 1
11 51 10
11 54 1
11 68 47
11 97 1
11 108 1
11 109 3
11 118 42
11 136 11
11 140 4
11 165 3
11 170 23
12 24 484
12 33 14
12 41 4
12 51 34
12 54 84
12 68 16
12 72 2
12 97 1
12 109 6
12 118 70
12 136 65
12 140 29
12 157 2
12 165 1
12 170 245
13 24 134
13 33 525
13 41 32
13 51 17
13 54 2
13 68 2
13 97 23
13 108 25
13 109 3
13 118 3
13 140 11
14 7 3
14 24 132
14 33 2
14 41 1
14 51 10
14 54 5
14 68 79
14 118 282
14 136 20
14 140 19
14 170 29
15 23 2
15 24 222
15 33 18
15 41 42
15 51 42
15 54 1
15 68 2
15 72 1
15 97 9
15 108 3
15 109 1
15 118 4
15 136 16
15 140 2
15 152 2
15 165 5
15 170 5
16 7 1
16 24 1428
16 33 206
16 41 46
16 51 400
16 54 26
16 68 58
16 97 15
16 108 19
16 109 17
16 118 61
16 136 12
16 140 865
16 152 18
16 157 5
16 165 2
16 170 13
17 7 1
17 23 1
17 24 447
17 33 129
17 41 23
17 51 150
17 54 15
17 68 36
17 97 11
17 108 5
17 118 14
17 136 5
17 140 398
17 152 8
17 165 1
17 170 3
18 24 147
18 33 32
18 41 61
18 51 15
18 54 3
18 68 5
18 97 22
18 108 1
18 118 1
18 140 2
18 152 1
19 7 1
19 24 294
19 33 817
19 41 29
19 51 33
19 54 13
19 68 13
19 72 2
19 97 25
19 108 37
19 118 8
19 136 4
19 140 100
19 152 5
19 157 3
19 170 5
20 23 1
20 24 870
20 33 30
20 41 17
20 51 69
20 54 59
20 68 13
20 97 8
20 108 1
20 109 15
20 118 58
20 136 53
20 140 48
20 152 2
20 157 12
20 165 22
20 170 32
21 24 66
21 33 76
21 41 76
21 51 4
21 97 23
21 108 22
21 136 2
21 140 1
22 7 6
22 24 295
22 33 14
22 41 2
22 51 18
22 54 14
22 68 51
22 72 2
22 97 3
22 109 1
22 118 350
22 136 14
22 140 64
22 157 1
22 165 1
22 170 25
23 7 5
23 23 4
23 24 4337
23 33 101
23 41 40
23 51 205
23 54 72
23 68 38
23 72 9
23 97 28
23 108 5
23 109 40
23 118 163
23 136 66
23 140 201
23 152 2
23 157 31
23 165 27
23 170 53
24 7 40
24 23 93
24 24 65416
24 33 1368
24 41 825
24 51 4135
24 54 908
24 68 551
24 72 98
24 97 364
24 108 115
24 109 675
24 118 1976
24 136 498
24 140 2361
24 152 49
24 157 261
24 165 417
24 170 492
25 7 1
25 23 6
25 24 2112
25 33 170
25 41 114
25 51 184
25 54 26
25 68 442
25 72 7
25 97 27
25 108 29
25 109 10
25 118 96
25 136 17
25 140 770
25 152 204
25 157 1
25 165 2
25 170 34
26 24 244
26 33 2
26 41 6
26 51 16
26 54 138
26 68 9
26 108 1
26 109 3
26 118 43
26 136 174
26 140 6
26 165 1
26 170 124
27 24 116
27 33 193
27 41 3
27 51 3
27 54 6
27 97 4
27 108 70
27 136 1
27 140 4
27 170 2
28 24 97
28 33 3
28 41 1
28 51 6
28 54 50
28 68 1
28 109 2
28 118 19
28 136 114
28 140 4
28 170 25
29 7 2
29 23 2
29 24 196
29 33 21
29 41 4
29 51 25
29 54 6
29 68 60
29 72 1
29 97 4
29 109 1
29 118 13
29 136 3
29 140 327
29 152 16
29 170 2
30 24 253
30 33 2
30 41 1
30 51 13
30 54 323
30 68 1
30 97 6
30 118 23
30 136 220
30 140 18
30 157 1
30 170 26
31 24 155
31 33 1
31 41 1
31 51 11
31 54 13
31 68 36
31 109 1
31 118 97
31 136 18
31 140 8
31 170 32
32 7 6
32 23 2
32 24 667
32 33 14
32 41 14
32 51 60
32 54 8
32 68 122
32 72 1
32 97 3
32 109 7
32 118 23
32 136 17
32 140 66
32 152 2
32 157 2
32 165 5
32 170 12
33 7 2
33 23 5
33 24 2459
33 33 6220
33 41 118
33 51 70
33 54 48
33 68 42
33 72 2
33 97 207
33 108 240
33 109 17
33 118 77
33 136 14
33 140 173
33 152 11
33 157 7
33 165 2
33 170 22
34 24 134
34 33 523
34 41 12
34 51 7
34 54 1
34 68 1
34 97 19
34 108 26
34 118 7
34 136 1
34 140 20
34 152 3
35 24 93
35 33 4
35 41 1
35 51 3
35 54 34
35 68 5
35 109 1
35 118 19
35 136 34
35 140 7
35 170 60
36 7 5
36 24 303
36 33 14
36 41 7
36 51 44
36 54 20
36 68 103
36 72 4
36 109 5
36 118 327
36 136 14
36 140 16
36 170 44
37 23 3
37 24 839
37 33 23
37 41 18
37 51 50
37 54 59
37 68 6
37 72 6
37 97 3
37 108 5
37 109 4
37 118 49
37 136 28
37 140 38
37 152 2
37 157 7
37 165 9
37 170 13
38 7 1
38 23 3
38 24 2978
38 33 81
38 41 71
38 51 264
38 54 35
38 68 16
38 72 10
38 97 20
38 108 8
38 109 39
38 118 105
38 136 34
38 140 129
38 152 2
38 157 12
38 165 55
38 170 21
39 7 11
39 23 4
39 24 1142
39 33 384
39 41 27
39 51 55
39 54 59
39 68 116
39 72 3
39 97 12
39 108 1
39 109 20
39 118 321
39 136 29
39 140 154
39 152 2
39 157 9
39 165 2
39 170 101
40 7 2
40 24 182
40 33 101
40 41 74
40 51 15
40 54 8
40 68 3
40 72 2
40 97 291
40 108 30
40 109 1
40 118 9
40 136 10
40 140 13
40 165 2
40 170 2
41 24 2159
41 33 373
41 41 946
41 51 138
41 54 34
41 68 20
41 72 4
41 97 298
41 108 12
41 109 8
41 118 60
41 136 5
41 140 87
41 152 4
41 157 2
41 165 2
41 170 12
42 24 213
42 33 74
42 41 63
42 51 15
42 54 3
42 68 1
42 97 209
42 108 22
42 118 6
42 136 3
42 140 7
43 7 2
43 24 152
43 33 22
43 41 6
43 51 12
43 54 14
43 68 14
43 109 4
43 118 44
43 136 12
43 140 14
43 165 2
43 170 49
44 7 1
44 24 538
44 33 18
44 41 5
44 51 24
44 54 13
44 68 5
44 97 1
44 108 1
44 109 8
44 118 12
44 136 12
44 140 20
44 157 2
44 165 9
44 170 16
45 7 8
45 23 13
45 24 3714
45 33 177
45 41 38
45 51 169
45 54 82
45 68 51
45 72 1
45 97 14
45 108 4
45 109 35
45 118 189
45 136 30
45 140 170
45 157 26
45 165 32
45 170 54
46 7 5
46 24 1252
46 33 41
46 41 43
46 51 52
46 54 185
46 68 13
46 97 5
46 108 1
46 109 9
46 118 53
46 136 40
46 140 70
46 157 13
46 165 14
46 170 35
47 24 395
47 33 559
47 41 13
47 51 15
47 54 9
47 68 2
47 97 18
47 108 163
47 109 1
47 118 8
47 136 2
47 140 17
47 152 2
47 170 3
48 7 2
48 24 419
48 33 18
48 41 2
48 51 28
48 54 30
48 68 54
48 72 1
48 109 4
48 118 132
48 136 13
48 140 17
48 170 72
49 7 3
49 24 340
49 33 105
49 41 239
49 51 38
49 54 4
49 68 2
49 97 90
49 108 6
49 109 5
49 118 6
49 136 5
49 140 14
49 157 1
49 165 4
50 7 4
50 23 3
50 24 513
50 33 28
50 41 10
50 51 36
50 54 30
50 68 16
50 72 2
50 97 6
50 109 13
50 118 44
50 136 21
50 140 33
50 157 3
50 165 4
50 170 58
51 7 7
51 23 1
51 24 3491
51 33 104
51 41 108
51 51 866
51 54 48
51 68 48
51 72 5
51 97 40
51 108 7
51 109 32
51 118 138
51 136 33
51 140 184
51 152 2
51 157 8
51 165 58
51 170 33
52 7 3
52 23 5
52 24 1248
52 33 15
52 41 18
52 51 109
52 54 25
52 68 56
52 97 7
52 108 1
52 109 13
52 118 33
52 136 8
52 140 67
52 157 10
52 165 6
52 170 7
53 7 1
53 24 1850
53 33 121
53 41 340
53 51 204
53 54 37
53 68 15
53 72 5
53 97 83
53 108 16
53 109 3
53 118 45
53 136 10
53 140 60
53 152 2
53 165 7
53 170 7
54 7 3
54 24 2605
54 33 58
54 41 28
54 51 108
54 54 2202
54 68 28
54 72 4
54 97 15
54 108 2
54 109 11
54 118 214
54 136 816
54 140 120
54 157 5
54 165 1
54 170 185
55 24 571
55 33 131
55 41 17
55 51 239
55 54 4
55 68 33
55 72 2
55 97 12
55 108 17
55 109 9
55 118 20
55 136 11
55 140 508
55 152 10
55 157 1
55 165 3
55 170 6
56 7 1
56 24 438
56 33 1102
56 41 56
56 51 56
56 54 14
56 68 7
56 72 2
56 97 132
56 108 115
56 118 18
56 136 9
56 140 39
56 170 2
57 23 2
57 24 265
57 33 1046
57 41 24
57 51 24
57 54 9
57 68 4
57 72 1
57 97 37
57 108 58
57 118 15
57 136 9
57 140 32
57 152 2
57 157 1
57 170 3
58 7 5
58 24 289
58 33 771
58 41 31
58 51 11
58 54 10
58 68 4
58 97 30
58 108 57
58 109 1
58 118 11
58 136 1
58 140 42
58 152 4
58 170 2
59 7 1
59 23 1
59 24 1194
59 33 70
59 41 164
59 51 263
59 54 25
59 68 10
59 72 2
59 97 42
59 108 9
59 109 5
59 118 21
59 136 3
59 140 39
59 152 3
59 165 10
59 170 2
60 7 2
60 24 366
60 33 94
60 41 185
60 51 76
60 54 1
60 68 6
60 97 29
60 108 5
60 109 1
60 118 8
60 136 4
60 140 14
60 152 1
60 170 1
61 24 219
61 33 5
61 41 1
61 51 6
61 54 31
61 68 18
61 108 2
61 109 7
61 118 73
61 136 38
61 140 6
61 170 94
62 7 3
62 23 2
62 24 450
62 33 51
62 41 16
62 51 75
62 54 8
62 68 54
62 72 3
62 97 8
62 108 2
62 109 9
62 118 74
62 136 14
62 140 1041
62 152 6
62 157 1
62 170 8
63 7 1
63 24 293
63 33 455
63 41 26
63 51 17
63 54 3
63 68 1
63 97 46
63 108 289
63 109 1
63 118 3
63 136 7
63 140 14
63 152 2
63 170 1
64 7 19
64 23 3
64 24 180
64 33 6
64 51 15
64 68 13
64 109 2
64 118 45
64 136 1
64 140 232
64 170 3
65 7 4
65 23 1
65 24 1405
65 33 151
65 41 239
65 51 406
65 54 33
65 68 110
65 72 3
65 97 41
65 108 8
65 109 12
65 118 40
65 136 9
65 140 128
65 152 113
65 157 3
65 165 1
65 170 9
66 24 183
66 33 6
66 41 8
66 51 7
66 54 6
66 68 108
66 72 1
66 97 1
66 108 2
66 109 2
66 118 144
66 136 19
66 140 10
66 170 28
67 7 58
67 23 23
67 24 650
67 33 66
67 41 8
67 51 93
67 54 10
67 68 104
67 72 2
67 97 8
67 109 12
67 118 183
67 136 9
67 140 295
67 157 1
67 170 21
68 24 1203
68 33 49
68 41 12
68 51 56
68 54 52
68 68 624
68 72 7
68 97 8
68 108 1
68 109 9
68 118 975
68 136 43
68 140 47
68 157 3
68 170 125
69 24 129
69 33 4
69 51 5
69 54 125
69 72 2
69 97 3
69 109 2
69 118 14
69 136 173
69 140 7
69 170 13
70 24 375
70 33 464
70 41 58
70 51 40
70 54 4
70 68 15
70 72 2
70 97 25
70 108 31
70 109 1
70 118 19
70 140 93
70 152 49
70 157 1
70 170 5
71 24 520
71 33 207
71 41 204
71 51 32
71 54 8
71 68 14
71 97 568
71 108 27
71 109 3
71 118 11
71 136 5
71 140 26
71 152 3
71 170 4
72 7 9
72 23 65
72 24 3144
72 33 176
72 41 57
72 51 210
72 54 48
72 68 994
72 72 9
72 97 24
72 108 8
72 109 38
72 118 244
72 136 46
72 140 1376
72 152 107
72 157 14
72 165 2
72 170 33
73 7 1
73 24 730
73 33 11
73 41 2
73 51 16
73 54 100
73 68 30
73 72 2
73 97 1
73 108 2
73 109 9
73 118 165
73 136 85
73 140 26
73 157 1
73 165 3
73 170 169
74 24 189
74 33 5
74 41 3
74 51 8
74 54 146
74 68 6
74 97 1
74 109 3
74 118 25
74 136 69
74 140 12
74 157 4
74 170 43
75 7 18
75 23 17
75 24 737
75 33 44
75 41 6
75 51 66
75 54 14
75 68 225
75 97 1
75 109 2
75 118 83
75 136 8
75 140 509
75 152 7
75 157 2
75 165 2
75 170 21
76 7 4
76 23 8
76 24 562
76 33 26
76 41 13
76 51 74
76 54 19
76 68 229
76 72 1
76 97 6
76 108 2
76 109 8
76 118 31
76 136 14
76 140 579
76 152 22
76 165 1
76 170 1
77 7 38
77 23 2
77 24 508
77 33 19
77 41 2
77 51 58
77 54 11
77 68 65
77 97 6
77 109 1
77 118 81
77 136 7
77 140 610
77 152 2
77 170 9
78 7 9
78 24 185
78 33 10
78 41 7
78 51 15
78 54 2
78 68 44
78 97 12
78 109 1
78 118 30
78 136 2
78 140 313
79 7 2
79 23 1
79 24 73
79 33 4
79 41 1
79 51 14
79 54 6
79 68 34
79 109 4
79 118 14
79 136 2
79 140 264
79 152 5
79 170 1
80 23 2
80 24 674
80 33 905
80 41 56
80 51 28
80 54 18
80 68 5
80 97 91
80 108 367
80 109 1
80 118 11
80 136 2
80 140 25
80 152 2
80 165 4
80 170 2
81 24 479
81 33 6
81 41 14
81 51 38
81 54 349
81 68 8
81 97 4
81 109 10
81 118 16
81 136 187
81 140 12
81 157 14
81 165 1
81 170 26
82 7 3
82 24 176
82 33 13
82 41 3
82 51 9
82 54 8
82 68 61
82 97 2
82 109 4
82 118 487
82 136 9
82 140 27
82 152 2
82 170 15
83 24 205
83 41 1
83 51 4
83 54 91
83 68 7
83 109 3
83 118 58
83 136 182
83 140 2
83 170 54
84 24 199
84 33 8
84 41 5
84 51 4
84 54 80
84 68 1
84 97 1
84 118 44
84 136 158
84 140 17
84 165 1
84 170 39
85 7 2
85 23 1
85 24 250
85 33 53
85 41 41
85 51 54
85 54 10
85 68 85
85 72 1
85 97 1
85 108 1
85 109 2
85 118 7
85 136 1
85 140 266
85 152 96
85 165 1
85 170 9
86 7 11
86 23 2
86 24 354
86 33 61
86 41 11
86 51 33
86 54 6
86 68 100
86 72 1
86 108 1
86 109 4
86 118 62
86 136 9
86 140 79
86 152 3
86 165 1
86 170 16
87 24 96
87 33 6
87 51 4
87 54 8
87 68 35
87 118 37
87 136 7
87 140 1
87 170 11
88 24 238
88 33 4
88 41 6
88 51 6
88 54 44
88 68 14
88 72 1
88 97 2
88 108 1
88 109 1
88 118 66
88 136 90
88 140 9
88 157 1
88 170 105
89 24 215
89 51 17
89 54 22
89 68 13
89 97 6
89 109 4
89 118 65
89 136 33
89 140 4
89 170 58
90 7 7
90 23 1
90 24 279
90 33 37
90 41 3
90 51 52
90 54 6
90 68 17
90 72 1
90 97 4
90 108 3
90 109 4
90 118 54
90 136 4
90 140 807
90 152 2
90 170 9
91 24 355
91 33 11
91 41 5
91 51 15
91 54 31
91 68 105
91 72 2
91 97 2
91 109 4
91 118 181
91 136 30
91 140 8
91 157 8
91 170 92
92 7 2
92 24 478
92 33 978
92 41 28
92 51 31
92 54 6
92 68 9
92 72 1
92 97 55
92 108 213
92 109 2
92 118 8
92 136 6
92 140 29
92 157 2
92 165 6
92 170 4
93 24 61
93 33 79
93 41 42
93 51 16
93 97 90
93 108 5
93 140 3
93 165 2
94 7 4
94 24 197
94 33 59
94 41 21
94 51 102
94 54 16
94 68 18
94 72 1
94 97 6
94 108 9
94 109 1
94 118 20
94 136 9
94 140 481
94 152 6
94 170 2
95 24 545
95 33 160
95 41 234
95 51 60
95 54 14
95 68 2
95 72 2
95 97 329
95 108 15
95 109 1
95 118 21
95 136 2
95 140 21
95 152 1
96 23 1
96 24 295
96 33 109
96 41 39
96 51 90
96 54 13
96 68 39
96 72 5
96 97 4
96 108 9
96 109 5
96 118 20
96 136 14
96 140 196
96 152 53
96 165 1
96 170 9
97 7 3
97 23 2
97 24 2564
97 33 876
97 41 561
97 51 151
97 54 55
97 68 32
97 72 2
97 97 3642
97 108 176
97 109 17
97 118 81
97 136 34
97 140 131
97 152 2
97 157 3
97 165 6
97 170 21
98 7 59
98 23 1
98 24 303
98 33 7
98 51 31
98 54 33
98 68 86
98 72 1
98 97 1
98 108 1
98 109 1
98 118 644
98 136 27
98 140 65
98 170 35
99 7 9
99 23 4
99 24 2554
99 33 103
99 41 75
99 51 293
99 54 45
99 68 66
99 72 2
99 97 24
99 108 12
99 109 47
99 118 68
99 136 38
99 140 162
99 152 18
99 157 8
99 165 31
99 170 29
100 7 3
100 23 1
100 24 145
100 33 2
100 51 17
100 54 4
100 68 24
100 97 4
100 118 47
100 136 7
100 140 563
100 152 4
100 170 2
101 23 1
101 24 525
101 33 23
101 41 12
101 51 26
101 54 174
101 68 14
101 72 1
101 97 2
101 109 20
101 118 70
101 136 86
101 140 16
101 157 12
101 165 7
101 170 161
102 7 3
102 23 1
102 24 630
102 33 12
102 41 8
102 51 28
102 54 635
102 68 4
102 72 2
102 97 6
102 108 2
102 109 1
102 118 74
102 136 511
102 140 39
102 157 1
102 165 5
102 170 77
103 24 243
103 33 5
103 41 2
103 51 19
103 54 21
103 68 119
103 72 3
103 109 2
103 118 220
103 136 19
103 140 9
103 157 1
103 170 60
104 7 1
104 24 383
104 33 731
104 41 32
104 51 15
104 54 2
104 68 3
104 97 40
104 108 257
104 118 8
104 136 3
104 140 32
104 152 2
104 165 2
104 170 3
105 7 6
105 23 1
105 24 1126
105 33 16
105 41 6
105 51 37
105 54 82
105 68 98
105 72 4
105 97 14
105 109 4
105 118 314
105 136 141
105 140 38
105 157 2
105 165 1
105 170 313
106 7 1
106 23 3
106 24 1200
106 33 55
106 41 73
106 51 234
106 54 31
106 68 57
106 97 7
106 108 4
106 109 10
106 118 43
106 136 10
106 140 73
106 152 42
106 157 5
106 165 5
106 170 12
107 7 3
107 23 1
107 24 344
107 33 683
107 41 22
107 51 16
107 54 10
107 68 2
107 97 38
107 108 228
107 109 2
107 118 10
107 136 9
107 140 23
107 152 1
107 170 5
108 7 14
108 24 2398
108 33 2077
108 41 69
108 51 107
108 54 22
108 68 35
108 72 3
108 97 204
108 108 1041
108 109 6
108 118 45
108 136 27
108 140 113
108 152 8
108 157 1
108 165 1
108 170 15
109 7 4
109 23 2
109 24 406
109 33 94
109 41 6
109 51 181
109 54 10
109 68 65
109 97 21
109 108 4
109 109 13
109 118 53
109 136 2
109 140 908
109 152 10
109 157 2
109 170 6
110 7 1
110 23 1
110 24 451
110 33 3
110 41 15
110 51 27
110 54 167
110 68 8
110 97 1
110 108 3
110 109 5
110 118 25
110 136 62
110 140 24
110 157 40
110 165 1
110 170 39
111 24 448
111 33 142
111 41 228
111 51 40
111 54 6
111 68 7
111 97 335
111 108 16
111 118 6
111 136 11
111 140 18
111 157 1
111 165 2
111 170 3
112 7 1
112 24 47
112 51 4
112 54 22
112 68 3
112 118 15
112 136 44
112 140 2
112 170 20
113 24 94
113 33 1
113 51 6
113 54 13
113 68 6
113 72 1
113 118 29
113 136 30
113 140 3
113 165 2
113 170 40
114 7 11
114 23 3
114 24 796
114 33 151
114 41 5
114 51 39
114 54 33
114 68 93
114 72 3
114 97 3
114 109 14
114 118 452
114 136 26
114 140 62
114 152 2
114 157 8
114 170 89
115 24 188
115 33 9
115 41 5
115 51 2
115 54 201
115 68 1
115 72 1
115 97 6
115 108 2
115 109 3
115 118 25
115 136 100
115 140 6
115 170 52
116 7 3
116 24 630
116 33 6
116 41 4
116 51 22
116 54 392
116 68 14
116 72 1
116 97 5
116 108 1
116 109 1
116 118 67
116 136 276
116 140 22
116 152 1
116 165 1
116 170 181
117 24 573
117 33 13
117 41 53
117 51 132
117 54 13
117 68 3
117 97 12
117 108 4
117 109 5
117 118 7
117 136 5
117 140 10
117 165 7
117 170 3
118 7 35
118 23 1
118 24 2117
118 33 65
118 41 7
118 51 78
118 54 81
118 68 287
118 72 5
118 97 11
118 108 2
118 109 13
118 118 4354
118 136 42
118 140 195
118 157 7
118 165 1
118 170 92
119 7 5
119 23 1
119 24 49
119 33 2
119 51 8
119 54 4
119 68 16
119 97 1
119 118 213
119 136 2
119 140 12
119 170 8
120 24 166
120 33 27
120 41 93
120 51 16
120 54 1
120 68 1
120 97 18
120 108 1
120 118 5
120 140 7
120 157 1
120 165 1
121 7 13
121 23 3
121 24 3150
121 33 81
121 41 40
121 51 155
121 54 43
121 68 38
121 72 9
121 97 11
121 108 5
121 109 25
121 118 123
121 136 42
121 140 148
121 152 7
121 157 8
121 165 48
121 170 23
122 24 61
122 33 165
122 41 28
122 51 6
122 54 2
122 68 1
122 97 71
122 108 28
122 118 1
122 136 1
122 140 5
123 23 1
123 24 278
123 33 832
123 41 21
123 51 28
123 54 11
123 68 7
123 97 32
123 108 54
123 109 1
123 118 7
123 136 2
123 140 39
123 152 11
123 157 1
123 170 1
124 7 18
124 23 18
124 24 4088
124 33 146
124 41 73
124 51 326
124 54 125
124 68 126
124 72 8
124 97 19
124 108 13
124 109 48
124 118 163
124 136 64
124 140 189
124 152 9
124 157 13
124 165 38
124 170 37
125 7 1
125 23 2
125 24 439
125 33 11
125 41 22
125 51 41
125 54 12
125 68 6
125 72 1
125 97 8
125 109 5
125 118 9
125 136 6
125 140 21
125 157 1
125 165 54
125 170 8
126 23 2
126 24 1146
126 33 75
126 41 302
126 51 130
126 54 26
126 68 13
126 72 2
126 97 44
126 108 5
126 109 11
126 118 31
126 136 9
126 140 43
126 152 1
126 157 4
126 165 28
126 170 6
127 23 1
127 24 237
127 33 29
127 41 1
127 51 24
127 54 28
127 68 41
127 72 1
127 109 7
127 118 116
127 136 15
127 140 14
127 152 1
127 157 1
127 165 4
127 170 42
128 24 163
128 33 71
128 41 7
128 51 68
128 54 4
128 68 8
128 97 6
128 108 8
128 118 7
128 136 1
128 140 207
128 152 4
128 165 1
129 24 334
129 33 177
129 41 132
129 51 12
129 54 8
129 68 4
129 72 3
129 97 105
129 108 49
129 109 1
129 118 8
129 136 6
129 140 9
129 170 1
130 24 377
130 33 7
130 51 7
130 54 223
130 68 6
130 108 2
130 109 2
130 118 65
130 136 282
130 140 6
130 157 1
130 170 99
131 24 66
131 33 3
131 41 6
131 51 6
131 54 10
131 68 52
131 118 126
131 136 3
131 140 8
131 170 13
132 24 304
132 33 160
132 41 89
132 51 15
132 54 2
132 68 2
132 97 175
132 108 54
132 109 3
132 118 5
132 140 8
132 165 2
132 170 3
133 7 3
133 24 38
133 51 2
133 54 1
133 68 10
133 118 142
133 136 3
133 140 1
133 170 4
134 7 12
134 24 160
134 33 4
134 41 5
134 51 8
134 54 7
134 68 59
134 72 1
134 97 2
134 108 2
134 118 428
134 136 5
134 140 30
134 165 1
134 170 30
135 7 3
135 24 646
135 33 12
135 41 7
135 51 52
135 54 28
135 68 60
135 72 4
135 97 8
135 108 1
135 109 16
135 118 121
135 136 24
135 140 17
135 152 3
135 157 2
135 165 1
135 170 184
136 24 1140
136 33 31
136 41 14
136 51 54
136 54 360
136 68 11
136 72 4
136 97 8
136 108 5
136 109 8
136 118 172
136 136 1080
136 140 67
136 157 7
136 165 1
136 170 105
137 24 130
137 51 3
137 54 56
137 68 10
137 97 1
137 109 2
137 118 33
137 136 66
137 140 2
137 170 90
138 7 6
138 23 1
138 24 478
138 33 60
138 41 19
138 51 240
138 54 16
138 68 15
138 72 1
138 97 17
138 108 7
138 109 6
138 118 14
138 136 1
138 140 494
138 152 37
138 157 2
138 170 6
139 24 237
139 33 18
139 41 49
139 51 56
139 54 7
139 97 3
139 108 1
139 118 12
139 136 2
139 140 13
139 165 15
139 170 1
140 7 25
140 23 8
140 24 2171
140 33 135
140 41 20
140 51 164
140 54 52
140 68 176
140 72 4
140 97 24
140 108 10
140 109 17
140 118 351
140 136 29
140 140 5936
140 152 28
140 157 7
140 170 36
141 7 2
141 24 267
141 33 281
141 41 32
141 51 104
141 54 6
141 68 25
141 97 16
141 108 31
141 109 4
141 118 14
141 136 3
141 140 257
141 152 13
141 165 2
142 7 8
142 23 3
142 24 3386
142 33 220
142 41 32
142 51 198
142 54 319
142 68 120
142 72 11
142 97 16
142 108 3
142 109 124
142 118 448
142 136 209
142 140 174
142 152 2
142 157 18
142 165 19
142 170 589
143 7 51
143 23 8
143 24 1242
143 33 87
143 41 4
143 51 87
143 54 54
143 68 165
143 72 7
143 97 6
143 108 3
143 109 10
143 118 1178
143 136 22
143 140 236
143 157 5
143 170 82
144 7 1
144 23 2
144 24 3542
144 33 111
144 41 57
144 51 243
144 54 64
144 68 40
144 72 11
144 97 29
144 108 15
144 109 27
144 118 149
144 136 61
144 140 182
144 152 3
144 157 14
144 165 54
144 170 33
145 7 1
145 23 3
145 24 349
145 33 40
145 41 23
145 51 90
145 54 7
145 68 72
145 72 3
145 97 8
145 108 2
145 109 1
145 118 46
145 136 10
145 140 673
145 152 42
145 157 1
145 165 1
145 170 1
146 24 158
146 33 1
146 51 2
146 54 58
146 68 1
146 72 1
146 118 54
146 136 140
146 140 8
146 170 21
147 7 10
147 24 83
147 33 6
147 51 5
147 54 4
147 68 33
147 118 165
147 136 4
147 140 9
147 170 13
148 7 2
148 23 3
148 24 320
148 33 225
148 41 131
148 51 22
148 54 13
148 97 297
148 108 109
148 109 1
148 118 6
148 136 11
148 140 14
148 157 3
148 165 2
148 170 4
149 7 3
149 24 95
149 33 10
149 41 3
149 51 13
149 54 16
149 68 100
149 97 2
149 118 239
149 136 1
149 140 16
149 170 18
150 24 116
150 33 60
150 41 40
150 51 15
150 68 2
150 97 180
150 108 14
150 136 3
150 140 3
150 170 3
151 7 1
151 24 193
151 33 14
151 41 7
151 51 31
151 54 12
151 68 16
151 72 1
151 97 4
151 108 1
151 109 4
151 118 8
151 136 5
151 140 11
151 165 24
151 170 1
152 7 5
152 24 2132
152 33 337
152 41 160
152 51 280
152 54 54
152 68 156
152 97 66
152 108 34
152 109 10
152 118 71
152 136 23
152 140 553
152 152 359
152 157 2
152 165 7
152 170 29
153 23 1
153 24 1568
153 33 23
153 41 15
153 51 45
153 54 520
153 68 19
153 72 2
153 97 3
153 108 2
153 109 5
153 118 438
153 136 1141
153 140 77
153 157 2
153 165 1
153 170 260
154 24 91
154 33 5
154 41 2
154 51 7
154 54 11
154 68 55
154 118 45
154 136 5
154 170 6
155 7 9
155 23 4
155 24 301
155 33 13
155 41 3
155 51 17
155 54 21
155 68 80
155 72 2
155 97 8
155 109 2
155 118 299
155 136 12
155 140 30
155 157 1
155 170 61
156 23 1
156 24 385
156 33 12
156 41 4
156 51 8
156 54 111
156 68 22
156 72 5
156 97 1
156 109 6
156 118 88
156 136 147
156 140 9
156 165 1
156 170 249
157 7 1
157 23 5
157 24 1808
157 33 53
157 41 31
157 51 95
157 54 406
157 68 18
157 72 4
157 97 4
157 108 7
157 109 20
157 118 102
157 136 191
157 140 96
157 152 1
157 157 160
157 165 14
157 170 62
158 7 1
158 24 905
158 33 35
158 41 15
158 51 71
158 54 278
158 68 9
158 72 4
158 97 3
158 108 2
158 109 14
158 118 64
158 136 144
158 140 44
158 157 48
158 165 6
158 170 27
159 7 2
159 24 126
159 33 1
159 51 2
159 54 187
159 68 2
159 97 2
159 109 1
159 118 16
159 136 76
159 140 7
159 170 33
160 7 2
160 23 1
160 24 301
160 33 332
160 41 101
160 51 35
160 54 13
160 68 20
160 72 2
160 97 23
160 108 12
160 109 2
160 118 6
160 136 3
160 140 45
160 152 26
160 170 2
161 7 3
161 24 378
161 33 260
161 41 83
161 51 21
161 54 10
161 68 11
161 72 2
161 97 356
161 108 47
161 118 7
161 136 7
161 140 14
161 165 5
161 170 8
162 7 5
162 24 275
162 33 381
162 41 35
162 51 19
162 68 2
162 97 69
162 108 156
162 109 1
162 118 7
162 136 6
162 140 7
162 157 1
162 170 3
163 7 1
163 24 111
163 33 69
163 41 46
163 51 5
163 54 3
163 68 1
163 97 71
163 108 36
163 109 1
163 118 1
163 140 10
163 170 1
164 24 374
164 33 113
164 41 58
164 51 66
164 54 11
164 68 45
164 72 1
164 97 5
164 108 13
164 109 4
164 118 21
164 136 3
164 140 121
164 152 100
164 157 2
164 170 7
165 7 1
165 23 4
165 24 1952
165 33 47
165 41 57
165 51 183
165 54 26
165 68 24
165 72 3
165 97 23
165 108 1
165 109 17
165 118 75
165 136 22
165 140 119
165 152 1
165 157 2
165 165 106
165 170 18
166 24 345
166 33 14
166 41 7
166 51 12
166 54 50
166 68 25
166 72 1
166 97 2
166 108 3
166 109 7
166 118 62
166 136 72
166 140 18
166 152 1
166 157 3
166 165 4
166 170 307
167 24 274
167 33 436
167 41 19
167 51 16
167 54 8
167 68 2
167 72 1
167 97 28
167 108 132
167 109 1
167 118 5
167 140 9
167 170 3
168 24 120
168 33 1
168 41 2
168 51 1
168 54 40
168 68 3
168 72 1
168 97 2
168 109 1
168 118 36
168 136 84
168 140 1
168 170 59
169 7 1
169 24 1044
169 33 40
169 41 48
169 51 244
169 54 21
169 68 22
169 72 1
169 97 15
169 108 2
169 109 16
169 118 38
169 136 17
169 140 54
169 152 1
169 157 4
169 165 43
169 170 17
170 24 1520
170 33 53
170 41 12
170 51 44
170 54 259
170 68 60
170 72 3
170 97 3
170 108 4
170 109 14
170 118 246
170 136 199
170 140 83
170 165 5
170 170 1081
171 7 2
171 24 198
171 33 325
171 41 28
171 51 7
171 54 3
171 72 1
171 97 21
171 108 108
171 109 1
171 118 2
171 140 3
171 152 1
171 170 1
172 24 1995
172 33 14
172 41 3
172 51 42
172 54 219
172 68 62
172 72 3
172 97 2
172 108 1
172 109 9
172 118 385
172 136 381
172 140 31
172 152 2
172 157 6
172 165 2
172 170 281
173 24 110
173 33 1
173 51 1
173 54 21
173 68 19
173 72 1
173 118 28
173 136 17
173 140 6
173 157 1
173 170 55
174 24 149
174 33 2
174 51 5
174 54 31
174 68 18
174 72 1
174 97 1
174 109 1
174 118 54
174 136 42
174 140 2
174 157 1
174 170 63
175 7 1
175 24 169
175 33 10
175 51 9
175 54 72
175 68 5
175 72 2
175 97 2
175 109 5
175 118 36
175 136 51
175 140 19
175 170 194
