"from" "to" "weight"
4 24 473
4 33 16
4 39 11
4 41 4
4 51 32
4 54 147
4 72 6
4 97 1
4 108 4
4 118 82
4 136 35
4 140 17
4 142 4
4 157 1
4 165 1
4 170 256
5 24 953
5 33 52
5 39 1
5 41 75
5 51 232
5 54 20
5 72 9
5 97 18
5 108 4
5 118 48
5 136 2
5 140 52
5 142 11
5 165 16
5 170 3
6 7 15
6 23 1
6 24 79
6 33 6
6 39 1
6 51 14
6 54 8
6 72 3
6 97 1
6 118 42
6 136 2
6 140 157
6 142 1
6 170 2
7 7 113
7 23 3
7 24 672
7 33 19
7 39 9
7 41 15
7 51 84
7 54 38
7 72 35
7 97 4
7 118 460
7 136 3
7 140 497
7 142 11
7 157 2
7 165 4
7 170 14
8 24 140
8 33 237
8 41 5
8 51 2
8 54 1
8 97 14
8 108 104
8 118 11
8 136 2
8 140 6
9 24 695
9 33 37
9 39 2
9 41 78
9 51 109
9 54 36
9 72 10
9 97 20
9 108 2
9 118 25
9 136 8
9 140 34
9 142 10
9 165 41
9 170 17
10 7 2
10 24 550
10 33 17
10 39 2
10 41 6
10 51 39
10 54 88
10 97 3
10 118 93
10 136 19
10 140 39
10 142 6
10 170 177
12 24 593
12 33 14
12 39 1
12 41 2
12 51 47
12 54 68
12 72 6
12 97 11
12 108 1
12 118 58
12 136 9
12 140 32
12 142 2
12 170 165
13 24 173
13 33 516
13 39 4
13 41 47
13 51 11
13 54 9
13 97 31
13 108 29
13 118 6
13 136 2
13 140 20
13 165 1
13 170 1
14 7 2
14 24 138
14 33 5
14 39 2
14 51 57
14 54 14
14 108 2
14 118 253
14 136 5
14 140 9
14 142 3
14 165 4
14 170 9
15 24 219
15 33 18
15 41 60
15 51 35
15 54 5
15 97 18
15 118 4
15 140 5
15 142 1
15 165 4
15 170 1
16 23 2
16 24 1325
16 33 229
16 39 5
16 41 23
16 51 75
16 54 30
16 72 32
16 97 25
16 108 4
16 118 74
16 136 11
16 140 878
16 142 10
16 157 6
16 165 1
16 170 10
17 23 1
17 24 422
17 33 163
17 41 18
17 51 32
17 54 16
17 72 23
17 97 8
17 118 19
17 136 1
17 140 347
17 142 7
17 165 2
17 170 1
18 24 73
18 33 33
18 41 49
18 51 16
18 54 2
18 97 29
18 108 1
18 118 6
18 140 10
19 24 227
19 33 601
19 39 1
19 41 29
19 51 34
19 54 4
19 72 9
19 97 27
19 108 26
19 118 10
19 136 4
19 140 83
19 157 1
19 170 1
20 7 2
20 24 894
20 33 17
20 39 7
20 41 14
20 51 90
20 54 90
20 72 3
20 97 4
20 108 1
20 118 72
20 136 8
20 140 42
20 142 16
20 157 5
20 165 4
20 170 31
22 7 5
22 24 268
22 33 7
22 39 12
22 41 1
22 51 56
22 54 13
22 72 10
22 108 2
22 118 390
22 136 2
22 140 71
22 142 2
22 170 23
24 7 11
24 23 94
24 24 68109
24 33 1897
24 39 168
24 41 935
24 51 3546
24 54 1031
24 72 272
24 97 386
24 108 130
24 118 2936
24 129 1
24 136 222
24 140 2880
24 142 768
24 157 183
24 165 341
24 170 398
25 23 4
25 24 1919
25 33 272
25 39 8
25 41 140
25 51 118
25 54 37
25 72 274
25 97 26
25 108 15
25 118 69
25 136 1
25 140 411
25 142 17
25 157 4
25 165 6
25 170 18
26 24 258
26 33 6
26 39 1
26 41 4
26 51 24
26 54 202
26 72 1
26 97 3
26 118 54
26 136 45
26 140 16
26 170 64
27 24 91
27 33 149
27 41 9
27 51 2
27 54 7
27 97 13
27 108 41
27 118 5
27 129 1
27 140 5
29 7 2
29 23 1
29 24 168
29 33 19
29 39 3
29 41 9
29 51 17
29 54 6
29 72 38
29 97 2
29 118 17
29 136 2
29 140 306
29 142 2
29 157 1
29 165 1
29 170 5
30 7 1
30 24 311
30 33 13
30 39 1
30 41 4
30 51 10
30 54 312
30 97 1
30 118 44
30 136 70
30 140 8
30 170 33
31 7 1
31 24 135
31 33 2
31 39 4
31 41 1
31 51 59
31 54 18
31 72 3
31 118 128
31 136 10
31 140 10
31 142 1
31 170 59
32 7 1
32 23 3
32 24 1002
32 33 39
32 39 12
32 41 55
32 51 87
32 54 23
32 72 123
32 97 6
32 108 2
32 118 51
32 140 147
32 142 13
32 157 2
32 165 7
32 170 16
33 7 3
33 24 2830
33 33 6309
33 39 2
33 41 135
33 51 110
33 54 77
33 72 9
33 97 173
33 108 159
33 118 134
33 136 15
33 140 252
33 142 13
33 165 3
33 170 14
35 24 120
35 33 1
35 39 2
35 51 16
35 54 69
35 118 23
35 136 7
35 140 3
35 170 64
36 7 2
36 24 268
36 33 8
36 39 13
36 41 7
36 51 129
36 54 16
36 72 3
36 118 300
36 136 3
36 140 45
36 165 2
36 170 28
38 7 3
38 23 3
38 24 3903
38 33 172
38 39 7
38 41 83
38 51 311
38 54 63
38 72 21
38 97 28
38 108 18
38 118 219
38 136 19
38 140 199
38 142 56
38 157 7
38 165 56
38 170 28
39 7 4
39 23 5
39 24 1345
39 33 52
39 39 541
39 41 31
39 51 120
39 54 101
39 72 30
39 97 21
39 108 7
39 118 368
39 136 29
39 140 130
39 142 33
39 157 6
39 165 2
39 170 76
40 24 173
40 33 107
40 39 1
40 41 67
40 51 32
40 54 6
40 72 2
40 97 264
40 108 13
40 118 5
40 136 3
40 140 17
40 142 3
41 24 2035
41 33 475
41 39 3
41 41 978
41 51 161
41 54 59
41 72 3
41 97 248
41 108 7
41 118 61
41 136 11
41 140 81
41 142 16
41 165 1
41 170 9
42 24 135
42 33 91
42 39 1
42 41 59
42 51 11
42 54 4
42 97 172
42 108 9
42 118 1
42 136 3
42 140 8
43 7 1
43 24 176
43 33 7
43 39 6
43 41 2
43 51 53
43 54 20
43 72 1
43 118 57
43 140 6
43 142 12
43 165 2
43 170 45
45 7 6
45 23 20
45 24 5492
45 33 153
45 39 71
45 41 68
45 51 313
45 54 130
45 72 31
45 97 25
45 108 13
45 118 349
45 136 13
45 140 279
45 142 61
45 157 37
45 165 32
45 170 56
46 24 2320
46 33 77
46 39 11
46 41 44
46 51 189
46 54 246
46 72 12
46 97 28
46 108 2
46 118 123
46 136 29
46 140 124
46 142 40
46 157 35
46 165 22
46 170 30
47 24 291
47 33 453
47 39 2
47 41 14
47 51 21
47 54 9
47 72 3
47 97 23
47 108 117
47 118 17
47 129 1
47 136 1
47 140 17
47 142 3
47 157 2
47 165 3
47 170 1
48 23 1
48 24 514
48 33 15
48 39 8
48 41 8
48 51 125
48 54 12
48 97 4
48 118 154
48 136 11
48 140 21
48 142 1
48 157 1
48 165 4
48 170 51
49 24 261
49 33 110
49 39 3
49 41 191
49 51 77
49 54 9
49 72 5
49 97 82
49 108 2
49 118 7
49 140 12
49 142 1
49 165 4
49 170 2
50 7 1
50 24 888
50 33 37
50 39 19
50 41 18
50 51 68
50 54 63
50 72 9
50 97 13
50 108 1
50 118 114
50 136 12
50 140 41
50 142 30
50 157 2
50 165 2
50 170 43
51 7 2
51 23 11
51 24 6154
51 33 236
51 39 26
51 41 225
51 51 933
51 54 91
51 72 30
51 97 64
51 108 14
51 118 230
51 136 21
51 140 318
51 142 56
51 157 10
51 165 57
51 170 44
52 23 2
52 24 1130
52 33 38
52 39 7
52 41 22
52 51 94
52 54 21
52 72 23
52 97 4
52 118 43
52 136 4
52 140 65
52 142 17
52 157 7
52 165 10
52 170 15
53 23 2
53 24 1431
53 33 191
53 39 18
53 41 339
53 51 430
53 54 35
53 72 20
53 97 68
53 108 2
53 118 50
53 136 5
53 140 71
53 142 4
53 157 2
53 165 5
53 170 7
54 7 2
54 23 2
54 24 3609
54 33 131
54 39 10
54 41 47
54 51 105
54 54 2878
54 72 5
54 97 20
54 108 3
54 118 402
54 136 187
54 140 184
54 142 14
54 157 5
54 165 9
54 170 185
55 23 1
55 24 539
55 33 180
55 41 16
55 51 51
55 54 10
55 72 21
55 97 9
55 118 48
55 136 4
55 140 559
55 142 8
55 170 4
56 7 1
56 24 318
56 33 929
56 39 1
56 41 30
56 51 19
56 54 12
56 72 2
56 97 56
56 108 51
56 118 14
56 136 5
56 140 37
56 142 2
57 24 103
57 33 422
57 39 1
57 41 6
57 51 11
57 72 1
57 97 10
57 108 24
57 118 6
57 136 2
57 140 8
57 170 4
58 24 406
58 33 931
58 41 27
58 51 39
58 54 4
58 72 6
58 97 47
58 108 35
58 118 16
58 140 34
58 142 1
58 170 2
59 24 906
59 33 108
59 39 2
59 41 259
59 51 304
59 54 22
59 72 16
59 97 37
59 108 1
59 118 47
59 140 46
59 142 10
59 157 1
59 165 10
59 170 9
60 24 271
60 33 114
60 41 168
60 51 76
60 54 11
60 72 6
60 97 45
60 108 1
60 118 14
60 129 2
60 136 1
60 140 8
60 142 3
60 170 2
62 24 501
62 33 100
62 39 3
62 41 22
62 51 55
62 54 12
62 72 26
62 97 14
62 108 3
62 118 106
62 136 3
62 140 967
62 142 14
62 170 4
64 7 15
64 23 1
64 24 119
64 33 9
64 39 2
64 41 1
64 51 27
64 54 5
64 72 16
64 97 1
64 118 27
64 140 119
64 142 1
64 170 5
65 7 2
65 23 1
65 24 1084
65 33 146
65 39 1
65 41 218
65 51 239
65 54 16
65 72 34
65 97 66
65 118 27
65 136 2
65 140 120
65 142 8
65 157 2
65 165 6
65 170 13
67 7 45
67 23 3
67 24 667
67 33 22
67 39 40
67 41 13
67 51 92
67 54 14
67 72 80
67 97 6
67 118 215
67 140 241
67 142 7
67 157 1
67 165 1
67 170 12
68 23 1
68 24 1607
68 33 40
68 39 10
68 41 8
68 51 685
68 54 101
68 72 9
68 97 10
68 108 3
68 118 1133
68 136 20
68 140 97
68 142 13
68 157 2
68 165 2
68 170 80
70 24 303
70 33 507
70 39 1
70 41 66
70 51 23
70 54 7
70 72 17
70 97 14
70 108 21
70 118 17
70 136 5
70 140 44
70 142 2
70 170 4
71 24 559
71 33 268
71 39 1
71 41 238
71 51 34
71 54 16
71 72 8
71 97 672
71 108 30
71 118 23
71 136 5
71 140 34
71 142 5
71 165 1
71 170 10
72 7 3
72 23 32
72 24 3532
72 33 231
72 39 23
72 41 79
72 51 156
72 54 41
72 72 883
72 97 33
72 108 3
72 118 291
72 136 17
72 140 1198
72 142 32
72 157 8
72 165 4
72 170 42
73 23 1
73 24 916
73 33 12
73 39 2
73 41 6
73 51 126
73 54 131
73 97 3
73 118 245
73 136 30
73 140 21
73 142 14
73 157 2
73 170 147
74 24 174
74 33 9
74 39 3
74 41 1
74 51 11
74 54 155
74 97 2
74 108 1
74 118 29
74 136 20
74 140 9
74 142 5
74 157 13
74 170 24
75 7 22
75 23 3
75 24 633
75 33 21
75 39 10
75 41 7
75 51 68
75 54 13
75 72 163
75 97 4
75 108 2
75 118 101
75 136 6
75 140 304
75 142 3
75 157 1
75 165 1
75 170 6
77 7 28
77 23 3
77 24 562
77 33 22
77 39 12
77 41 10
77 51 36
77 54 16
77 72 51
77 97 7
77 108 4
77 118 72
77 136 9
77 140 525
77 142 6
77 157 1
77 165 4
77 170 11
78 7 3
78 23 1
78 24 157
78 33 6
78 41 4
78 51 18
78 54 3
78 72 18
78 97 1
78 108 1
78 118 32
78 140 214
78 142 1
78 157 1
78 170 2
79 23 2
79 24 104
79 33 9
79 41 2
79 51 20
79 54 4
79 72 24
79 97 1
79 118 18
79 136 4
79 140 276
79 170 4
80 24 681
80 33 830
80 39 3
80 41 58
80 51 44
80 54 15
80 72 3
80 97 73
80 108 258
80 118 17
80 129 2
80 136 1
80 140 29
80 142 3
80 170 2
81 23 1
81 24 590
81 33 13
81 41 4
81 51 40
81 54 476
81 97 2
81 118 56
81 136 30
81 140 25
81 142 5
81 157 21
81 165 4
81 170 48
82 7 1
82 24 147
82 33 5
82 39 6
82 41 2
82 51 46
82 54 21
82 72 2
82 97 2
82 118 393
82 140 29
82 142 3
82 170 13
83 24 329
83 33 5
83 39 2
83 41 2
83 51 25
83 54 83
83 97 1
83 118 78
83 136 44
83 140 6
83 142 5
83 157 3
83 170 55
84 7 2
84 24 347
84 33 13
84 41 2
84 51 14
84 54 141
84 72 2
84 97 2
84 118 79
84 136 72
84 140 14
84 142 4
84 170 43
85 24 263
85 33 100
85 39 1
85 41 45
85 51 55
85 54 4
85 72 61
85 97 9
85 108 1
85 118 27
85 136 1
85 140 200
85 142 3
85 165 2
85 170 8
86 7 3
86 23 1
86 24 366
86 33 19
86 39 78
86 41 6
86 51 55
86 54 14
86 72 74
86 97 2
86 118 45
86 136 4
86 140 69
86 142 7
86 157 1
86 165 1
86 170 5
88 23 1
88 24 214
88 33 2
88 51 34
88 54 47
88 72 2
88 97 1
88 118 72
88 136 26
88 140 6
88 170 43
89 24 181
89 41 1
89 51 35
89 54 11
89 72 1
89 118 55
89 136 8
89 140 4
89 170 52
90 7 2
90 23 1
90 24 282
90 33 29
90 39 3
90 41 10
90 51 34
90 54 11
90 72 31
90 97 2
90 108 4
90 118 50
90 136 4
90 140 661
90 142 3
90 157 1
90 170 12
91 24 408
91 33 5
91 39 5
91 41 4
91 51 145
91 54 18
91 72 2
91 97 1
91 118 160
91 136 5
91 140 15
91 157 2
91 170 55
92 24 407
92 33 875
92 39 5
92 41 24
92 51 11
92 54 15
92 72 4
92 97 57
92 108 217
92 118 11
92 140 17
92 142 4
92 157 2
92 170 4
93 24 71
93 33 66
93 39 1
93 41 40
93 51 20
93 54 1
93 72 2
93 97 124
93 108 10
93 118 1
93 136 1
93 140 1
93 170 1
94 24 245
94 33 53
94 41 4
94 51 31
94 54 10
94 72 2
94 97 12
94 108 1
94 118 16
94 136 2
94 140 403
94 142 10
94 170 1
95 24 505
95 33 171
95 39 1
95 41 278
95 51 63
95 54 22
95 97 263
95 108 11
95 118 27
95 136 3
95 140 36
95 142 6
95 165 3
95 170 2
96 24 287
96 33 217
96 41 37
96 51 36
96 54 21
96 72 12
96 97 20
96 108 1
96 118 5
96 136 1
96 140 146
96 142 7
96 170 4
97 23 1
97 24 2666
97 33 1121
97 39 5
97 41 679
97 51 223
97 54 93
97 72 9
97 97 3732
97 108 124
97 118 131
97 129 4
97 136 25
97 140 127
97 142 16
97 157 3
97 165 9
97 170 16
98 7 37
98 23 1
98 24 246
98 33 7
98 39 7
98 41 2
98 51 77
98 54 16
98 97 6
98 118 467
98 136 5
98 140 55
98 142 7
98 170 10
99 7 1
99 23 5
99 24 1767
99 33 67
99 39 11
99 41 98
99 51 153
99 54 66
99 72 33
99 97 16
99 108 9
99 118 56
99 136 10
99 140 107
99 142 19
99 157 8
99 165 12
99 170 9
101 23 1
101 24 602
101 33 11
101 39 20
101 41 13
101 51 33
101 54 208
101 72 2
101 97 7
101 118 91
101 136 31
101 140 25
101 142 30
101 157 9
101 165 5
101 170 123
102 24 950
102 33 26
102 39 1
102 41 5
102 51 26
102 54 791
102 72 2
102 97 7
102 108 2
102 118 158
102 136 88
102 140 58
102 142 6
102 157 6
102 165 1
102 170 56
103 24 207
103 33 4
103 39 6
103 41 7
103 51 107
103 54 20
103 72 2
103 108 2
103 118 186
103 136 11
103 140 14
103 170 58
104 24 202
104 33 370
104 41 16
104 51 11
104 54 10
104 72 3
104 97 53
104 108 157
104 118 8
104 140 19
104 142 1
104 165 1
104 170 2
105 24 1131
105 33 17
105 39 4
105 41 4
105 51 199
105 54 97
105 72 3
105 97 5
105 118 469
105 136 35
105 140 41
105 142 13
105 165 1
105 170 226
106 23 2
106 24 1199
106 33 121
106 39 4
106 41 177
106 51 151
106 54 30
106 72 36
106 97 10
106 108 10
106 118 53
106 136 10
106 140 100
106 142 9
106 157 3
106 165 9
106 170 16
107 23 1
107 24 183
107 33 474
107 39 2
107 41 18
107 51 7
107 54 2
107 97 23
107 108 131
107 118 5
107 129 1
107 136 1
107 140 7
107 142 1
107 170 2
110 24 423
110 33 20
110 39 7
110 41 3
110 51 24
110 54 168
110 97 2
110 108 1
110 118 33
110 129 1
110 136 15
110 140 25
110 142 4
110 157 58
110 165 1
110 170 17
111 24 365
111 33 135
111 39 6
111 41 268
111 51 18
111 54 7
111 72 2
111 97 307
111 108 5
111 118 16
111 136 1
111 140 21
111 142 5
111 157 2
111 170 5
114 7 13
114 23 2
114 24 767
114 33 13
114 39 232
114 41 6
114 51 52
114 54 22
114 72 31
114 97 4
114 118 417
114 136 2
114 140 82
114 142 12
114 157 3
114 165 1
114 170 48
116 24 587
116 33 20
116 39 2
116 41 10
116 51 50
116 54 521
116 72 3
116 97 2
116 108 3
116 118 97
116 136 54
116 140 29
116 142 4
116 157 4
116 165 2
116 170 185
117 24 534
117 33 22
117 39 2
117 41 78
117 51 96
117 54 9
117 72 2
117 97 18
117 108 2
117 118 12
117 136 6
117 140 25
117 142 4
117 165 18
118 7 21
118 23 1
118 24 2143
118 33 65
118 39 28
118 41 23
118 51 285
118 54 132
118 72 15
118 97 13
118 108 2
118 118 4444
118 136 35
118 140 290
118 142 22
118 157 2
118 165 1
118 170 51
119 7 3
119 24 82
119 33 1
119 39 11
119 51 27
119 54 12
119 72 3
119 118 268
119 136 1
119 140 4
119 165 2
119 170 4
120 23 2
120 24 164
120 33 61
120 41 104
120 51 53
120 54 2
120 72 4
120 97 45
120 118 4
120 136 1
120 140 14
120 170 1
121 23 3
121 24 3210
121 33 94
121 39 8
121 41 34
121 51 197
121 54 75
121 72 6
121 97 11
121 108 3
121 118 151
121 136 17
121 140 133
121 142 26
121 157 9
121 165 14
121 170 13
123 24 208
123 33 707
123 39 1
123 41 29
123 51 13
123 54 5
123 72 2
123 97 19
123 108 27
123 118 20
123 136 2
123 140 54
123 142 1
123 165 2
123 170 16
124 7 2
124 24 805
124 33 30
124 39 65
124 41 28
124 51 63
124 54 25
124 72 9
124 97 5
124 108 3
124 118 51
124 136 4
124 140 57
124 142 10
124 157 2
124 165 4
124 170 12
125 24 513
125 33 11
125 39 2
125 41 27
125 51 68
125 54 15
125 72 5
125 97 11
125 108 2
125 118 27
125 136 3
125 140 24
125 142 7
125 157 1
125 165 25
125 170 5
126 24 1079
126 33 95
126 39 9
126 41 262
126 51 137
126 54 45
126 72 19
126 97 47
126 108 1
126 118 33
126 136 4
126 140 29
126 142 9
126 157 1
126 165 8
126 170 26
127 24 257
127 33 8
127 39 37
127 41 3
127 51 75
127 54 25
127 72 9
127 97 5
127 108 2
127 118 131
127 136 6
127 140 27
127 142 9
127 170 48
128 24 141
128 33 92
128 41 12
128 51 14
128 54 7
128 72 2
128 97 9
128 108 3
128 118 3
128 140 197
128 142 2
128 157 1
129 7 1
129 23 1
129 24 315
129 33 200
129 41 110
129 51 31
129 54 14
129 72 1
129 97 119
129 108 47
129 118 8
129 129 2
129 136 2
129 140 7
129 142 3
129 157 2
129 170 1
130 24 504
130 33 5
130 41 8
130 51 43
130 54 190
130 72 2
130 97 3
130 108 1
130 118 67
130 136 64
130 140 16
130 142 3
130 165 1
130 170 51
132 24 323
132 33 174
132 39 2
132 41 67
132 51 18
132 54 5
132 72 6
132 97 114
132 108 28
132 118 11
132 129 2
132 136 2
132 140 13
132 142 1
132 157 1
132 165 1
132 170 1
133 24 44
133 33 1
133 39 2
133 51 18
133 72 3
133 118 165
133 136 1
133 140 5
133 142 3
134 7 15
134 24 161
134 33 8
134 39 1
134 41 2
134 51 58
134 54 8
134 72 1
134 97 1
134 108 4
134 118 507
134 136 4
134 140 28
134 142 5
134 170 7
135 7 1
135 24 1041
135 33 31
135 39 13
135 41 14
135 51 143
135 54 32
135 72 15
135 97 7
135 108 2
135 118 255
135 136 12
135 140 69
135 142 16
135 157 2
135 165 3
135 170 203
137 24 200
137 33 2
137 39 3
137 41 2
137 51 35
137 54 47
137 118 52
137 136 13
137 140 4
137 170 67
138 24 278
138 33 64
138 41 18
138 51 49
138 54 7
138 72 29
138 97 8
138 108 2
138 118 27
138 140 293
138 142 3
138 170 5
139 24 258
139 33 17
139 39 1
139 41 53
139 51 35
139 54 7
139 72 2
139 97 9
139 108 1
139 118 18
139 136 5
139 140 22
139 142 6
139 165 16
139 170 3
140 7 11
140 23 3
140 24 2836
140 33 183
140 39 12
140 41 42
140 51 145
140 54 68
140 72 91
140 97 16
140 108 8
140 118 448
140 136 12
140 140 4963
140 142 42
140 157 4
140 165 6
140 170 20
142 23 4
142 24 3885
142 33 102
142 39 109
142 41 58
142 51 252
142 54 338
142 72 13
142 97 26
142 108 8
142 118 639
142 136 46
142 140 216
142 142 133
142 157 7
142 165 7
142 170 464
143 7 13
143 24 877
143 33 15
143 39 49
143 41 11
143 51 99
143 54 60
143 72 22
143 97 2
143 118 630
143 136 7
143 140 145
143 142 2
143 157 3
143 165 2
143 170 39
144 7 3
144 23 2
144 24 4384
144 33 142
144 39 13
144 41 92
144 51 280
144 54 78
144 72 20
144 97 29
144 108 7
144 118 222
144 136 31
144 140 243
144 142 36
144 157 7
144 165 35
144 170 23
145 7 2
145 24 422
145 33 39
145 39 5
145 41 9
145 51 34
145 54 13
145 72 34
145 97 2
145 108 6
145 118 49
145 140 477
145 142 7
145 157 1
145 165 1
145 170 4
146 24 178
146 33 1
146 51 13
146 54 64
146 72 1
146 97 2
146 118 38
146 136 9
146 140 8
146 170 22
147 7 1
147 24 58
147 33 3
147 39 2
147 41 2
147 51 26
147 54 9
147 72 4
147 97 1
147 118 174
147 140 10
147 165 2
147 170 13
148 24 268
148 33 223
148 41 118
148 51 12
148 54 12
148 97 290
148 108 72
148 118 17
148 129 5
148 140 23
148 142 2
148 170 1
149 7 2
149 24 108
149 33 4
149 39 2
149 41 1
149 51 47
149 54 8
149 72 3
149 97 1
149 118 357
149 136 3
149 140 12
149 170 6
150 23 1
150 24 79
150 33 64
150 41 43
150 51 12
150 54 2
150 97 129
150 108 5
150 136 6
150 140 5
150 142 1
150 170 4
151 24 642
151 33 31
151 39 1
151 41 24
151 51 88
151 54 18
151 72 6
151 97 1
151 108 1
151 118 48
151 136 4
151 140 38
151 142 15
151 157 3
151 165 37
151 170 2
152 23 2
152 24 2251
152 33 936
152 39 15
152 41 238
152 51 186
152 54 62
152 72 147
152 97 32
152 108 26
152 118 96
152 136 12
152 140 525
152 142 20
152 157 4
152 165 11
152 170 16
153 23 2
153 24 2252
153 33 34
153 39 5
153 41 15
153 51 76
153 54 673
153 72 8
153 97 15
153 108 1
153 118 398
153 136 257
153 140 99
153 142 17
153 165 3
153 170 200
154 24 67
154 39 1
154 51 37
154 54 11
154 97 1
154 118 48
154 140 2
154 170 20
155 7 1
155 24 300
155 33 13
155 39 11
155 41 4
155 51 89
155 54 12
155 72 5
155 97 2
155 118 307
155 136 2
155 140 32
155 142 7
155 170 37
156 23 1
156 24 512
156 33 13
156 39 6
156 41 4
156 51 78
156 54 95
156 72 3
156 118 113
156 136 33
156 140 22
156 142 8
156 157 1
156 165 1
156 170 167
157 23 3
157 24 1582
157 33 65
157 39 23
157 41 27
157 51 99
157 54 526
157 72 7
157 97 17
157 108 3
157 118 95
157 136 72
157 140 110
157 142 34
157 157 106
157 165 9
157 170 74
158 23 1
158 24 1028
158 33 32
158 39 4
158 41 24
158 51 79
158 54 271
158 72 2
158 97 3
158 108 1
158 118 82
158 136 41
158 140 58
158 142 9
158 157 32
158 165 4
158 170 26
159 24 138
159 33 6
159 41 5
159 51 10
159 54 165
159 108 2
159 118 12
159 136 9
159 140 10
159 142 2
159 157 2
159 165 1
159 170 11
160 24 201
160 33 241
160 39 1
160 41 49
160 51 15
160 54 7
160 72 4
160 97 22
160 108 7
160 118 2
160 136 1
160 140 10
160 142 1
160 165 1
160 170 2
161 24 285
161 33 307
161 39 1
161 41 75
161 51 24
161 54 9
161 72 8
161 97 264
161 108 31
161 118 8
161 140 6
161 142 5
161 170 2
162 24 130
162 33 297
162 39 3
162 41 10
162 51 15
162 54 5
162 72 1
162 97 45
162 108 108
162 118 9
162 129 1
162 140 11
162 142 1
162 165 3
162 170 2
163 24 122
163 33 102
163 41 23
163 51 9
163 54 2
163 97 71
163 108 38
163 140 5
163 142 2
163 165 1
164 7 3
164 24 391
164 33 285
164 39 2
164 41 69
164 51 24
164 54 14
164 72 30
164 97 6
164 108 11
164 118 10
164 136 1
164 140 136
164 142 1
164 165 1
164 170 5
165 7 1
165 23 3
165 24 2301
165 33 86
165 39 7
165 41 94
165 51 262
165 54 40
165 72 9
165 97 19
165 108 2
165 118 119
165 136 19
165 140 99
165 142 22
165 157 1
165 165 72
165 170 25
166 23 3
166 24 435
166 33 8
166 39 18
166 41 7
166 51 49
166 54 90
166 72 3
166 97 5
166 118 70
166 136 15
166 140 18
166 142 13
166 157 2
166 165 1
166 170 259
167 24 298
167 33 498
167 41 10
167 51 13
167 54 8
167 72 2
167 97 41
167 108 152
167 118 9
167 136 2
167 140 8
167 142 1
167 157 1
167 165 2
167 170 3
168 24 124
168 33 3
168 51 21
168 54 36
168 118 18
168 136 14
168 140 1
168 170 22
170 7 1
170 23 1
170 24 1591
170 33 44
170 39 14
170 41 15
170 51 102
170 54 253
170 72 6
170 97 11
170 108 2
170 118 243
170 136 64
170 140 100
170 142 16
170 157 2
170 165 2
170 170 749
171 24 171
171 33 208
171 41 16
171 51 3
171 54 15
171 97 23
171 108 70
171 118 5
171 136 3
171 140 5
171 170 4
172 7 2
172 23 1
172 24 1735
172 33 26
172 39 6
172 41 18
172 51 202
172 54 255
172 72 2
172 97 13
172 118 513
172 136 118
172 140 55
172 142 9
172 157 5
172 165 6
172 170 519
174 24 147
174 33 3
174 41 2
174 51 22
174 54 48
174 118 55
174 136 13
174 140 4
174 142 1
174 170 36
175 24 189
175 33 10
175 39 5
175 41 1
175 51 26
175 54 86
175 97 2
175 118 42
175 136 19
175 140 9
175 142 1
175 157 1
175 165 1
175 170 121
