"nodeID" "nodeLabel" "nodeLat" "nodeLong"
1 Abai 47.028736 18.517633
2 Abauj-Hegykozi 48.471017 21.2741752
3 Adonyi 47.119574 18.8652611
4 Ajkai 47.1068802 17.563957
5 Aszodi 47.6523763 19.4759463
6 Bacsalmasi 46.123955 19.32633
7 Bajai 46.1834182 18.9538158
8 Baktaloranthazai 47.997697 22.0766029
9 Balassagyarmati 48.078798 19.2938953
10 Balatonalmadi 47.0286976 18.0148627
11 Balatonfoldvari 46.8497238 17.8794039
12 Balatonfuredi 46.9564612 17.8889631
13 Balmazujvarosi 47.612435 21.343577
14 Barcsi 45.959228 17.4666786
15 Batonyterenyei 47.989222 19.828845
16 Bekescsabai 46.6841987 21.0867872
17 Bekesi 46.6704899 21.0434996
18 Belapatfalvai 48.052725 20.348591
19 Berettyoujfalui 47.233892 21.5340216
20 Bicskei 47.490759 18.6362719
21 Bodrogkozi 48.263291 21.8918689
22 Bonyhadi 46.2986759 18.5305778
23 Budaorsi 47.460753 18.9581146
24 Budapesti 47.4984056 19.0407578
25 Cegledi 47.1772081 19.7980311
26 Celldomolki 47.257515 17.1526399
27 Csengeri 47.8350105 22.6822754
28 Csepregi 47.401546 16.7081249
29 Csongradi 46.710833 20.144575
30 Csornai 47.601529 17.249978
31 Csurgoi 46.260776 17.095325
32 Dabasi 47.192283 19.330853
33 Debreceni 47.5299739 21.6393571
34 Derecske-Letavertesi 47.3824608 21.891967
35 Devecseri 47.106397 17.437279
36 Dombovari 46.383295 18.131089
37 Dorogi 47.7197439 18.7287817
38 Dunakeszi 47.6297228 19.1380528
39 Dunaujvarosi 46.980668 18.9127069
40 Edelenyi 48.2966608 20.7442671
41 Egri 47.9031987 20.3731077
42 Encsi 48.330768 21.1219603
43 Enyingi 46.9296 18.242978
44 Ercsi 47.24966 18.891059
45 Erdi 47.3783095 18.9217973
46 Esztergomi 47.793308 18.7419333
47 Fehergyarmati 47.985063 22.517104
48 Fonyodi 46.749197 17.5558792
49 Fuzesabonyi 47.750888 20.409611
50 Gardonyi 47.1973503 18.6091412
51 Godolloi 47.5975105 19.3480017
52 Gyali 47.3808958 19.215712
53 Gyongyosi 47.775028 19.9280689
54 Gyori 47.684051 17.6351011
55 Gyulai 46.642498 21.268809
56 Hajduboszormenyi 47.673238 21.5076172
57 Hajduhadhazi 47.68197 21.6685631
58 Hajduszoboszloi 47.443667 21.389719
59 Hatvani 47.668122 19.669901
60 Hevesi 47.5945238 20.2882213
61 Hevizi 46.7905869 17.1843866
62 Hodmezovasarhelyi 46.430411 20.3188298
63 Ibrany-Nagyhalaszi 48.134908 21.7187528
64 Janoshalmai 46.2967401 19.3228798
65 Jaszberenyi 47.5006181 19.9147188
66 Kadarkuti 46.2311466 17.6157102
67 Kalocsai 46.5334145 18.9856969
68 Kaposvari 46.36653 17.782483
69 Kapuvar-Beledi 47.5935568 17.0249715
70 Karcagi 47.316632 20.9220631
71 Kazincbarcikai 48.25317 20.6456512
72 Kecskemeti 46.9062092 19.6899774
73 Keszthelyi 46.7695893 17.2481444
74 Kisberi 47.501673 18.0269161
75 Kiskorosi 46.620386 19.283827
76 Kiskunfelegyhazai 46.7050953 19.8499199
77 Kiskunhalasi 46.432037 19.4885269
78 Kiskunmajsai 46.492344 19.7368448
79 Kisteleki 46.4696447 19.9803972
80 Kisvardai 48.2264002 22.0846211
81 Komaromi 47.7434248 18.1191064
82 Komloi 47.600636 20.445412
83 Kormendi 47.011113 16.6057156
84 Koszegi 47.381935 16.552229
85 Kunszentmartoni 46.841082 20.287233
86 Kunszentmiklosi 47.026444 19.1227831
87 Lengyeltoti 46.667049 17.6407711
88 Lenti 46.623785 16.546001
89 Letenyei 46.4337456 16.7221882
90 Makoi 46.21498 20.47513
91 Marcali 46.582815 17.4119018
92 Mateszalkai 47.943265 22.316904
93 Mezocsati 47.823541 20.9028038
94 Mezokovacshazai 46.4071834 20.9241681
95 Mezokovesdi 47.8068796 20.5650907
96 Mezoturi 47.00278 20.618465
97 Miskolci 48.1043854 20.7913563
98 Mohacsi 45.9959241 18.6798279
99 Monori 47.34754 19.448946
100 Morahalomi 46.217922 19.883719
101 Mori 47.3717781 18.2085973
102 Mosonmagyarovari 47.8744063 17.2693897
103 Nagyatadi 46.23001 17.3574429
104 Nagykalloi 47.875519 21.8460521
105 Nagykanizsai 46.455237 16.9953419
106 Nagykatai 47.4181175 19.7422453
107 Nyirbatori 47.835414 22.130289
108 Nyiregyhazai 47.9532583 21.7264647
109 Oroshazai 46.5615338 20.6619204
110 Oroszlanyi 47.4943329 18.3215448
111 Ozdi 48.2195564 20.2869186
112 Oriszentpeteri 46.838954 16.4211574
113 Pacsai 46.7226412 17.0096878
114 Paksi 46.626368 18.8652409
115 Pannonhalmai 47.55021 17.754228
116 Papai 47.3308153 17.4660302
117 Pasztoi 47.919562 19.6978939
118 Pecsi 46.0713242 18.2331772
119 Pecsvaradi 46.158114 18.422176
120 Petervasarai 48.017941 20.1019849
121 Pilisvorosvari 47.6212089 18.9111742
122 Polgari 47.866362 21.1242449
123 Puspokladanyi 47.3176758 21.1165369
124 Rackevei 47.1611023 18.9455669
125 Retsagi 47.9278597 19.1372757
126 Salgotarjani 48.0853167 19.7869357
127 Sarbogardi 46.887769 18.6193289
128 Sarkadi 46.746283 21.3848669
129 Sarospataki 48.318984 21.5663738
130 Sarvari 47.2540616 16.9352309
131 Sasdi 46.2548488 18.1060595
132 Satoraljaujhelyi 48.3941408 21.6559965
133 Sellyei 45.8719698 17.8460989
134 Siklosi 45.852147 18.2988281
135 Siofoki 46.9057439 18.0525018
136 Sopron-Fertodi 47.684898 16.583053
137 Sumegi 46.9775543 17.2819824
138 Szarvasi 46.8595081 20.5595884
139 Szecsenyi 48.0811488 19.5197217
140 Szegedi 46.2536169 20.1461345
141 Szeghalomi 47.027309 21.166263
142 Szekesfehervari 47.1887157 18.4138088
143 Szekszardi 46.3485623 18.7019205
144 Szentendrei 47.6734712 19.07254
145 Szentesi 46.65192 20.2571842
146 Szentgotthardi 46.9527524 16.2737218
147 Szentlorinci 46.040211 17.989775
148 Szerencsi 48.162418 21.205206
149 Szigetvari 46.0482577 17.8123125
150 Szikszoi 48.1949949 20.9294318
151 Szobi 47.818012 18.8667731
152 Szolnoki 47.174662 20.17628
153 Szombathelyi 47.23514 16.6219178
154 Tabi 46.729486 18.0329558
155 Tamasi 46.6295947 18.2846991
156 Tapolcai 46.88289 17.4413581
157 Tatabanyai 47.5861869 18.3947662
158 Tatai 47.655255 18.3285248
159 Teti 47.515979 17.5168418
160 Tiszafuredi 47.615345 20.7617821
161 Tiszaujvarosi 47.92291 21.052195
162 Tiszavasvari 47.9511368 21.3687867
163 Tokaji 48.119994 21.412563
164 Torokszentmiklosi 47.180736 20.4182932
165 Vaci 47.7754454 19.1377076
166 Varpalotai 47.1973949 18.1396572
167 Vasarosnamenyi 48.126772 22.318366
168 Vasvari 47.051087 16.7985158
169 Veresegyhazi 47.65714 19.284962
170 Veszpremi 47.092967 17.913785
171 Zahonyi 48.406999 22.1745391
172 Zalaegerszegi 46.845412 16.8472302
173 Zalakarosi 46.5605989 17.1230251
174 Zalaszentgroti 46.947143 17.0790458
175 Zirci 47.2630578 17.8725401